    2   9.8201e-09   1.8646e-08   2.5232e-08   2.9808e-08   3.3151e-08   1.9968e-05   2.6558e-06   6.0883e-07   1.9437e-07   7.6783e-08
    3   9.6897e-09   2.0501e-08   2.9140e-08   3.5313e-08   3.9887e-08   2.6826e-05   3.7436e-06   8.7403e-07   2.8138e-07   1.1165e-07
    4   9.1593e-09   2.1200e-08   3.1412e-08   3.8896e-08   4.4513e-08   3.2138e-05   4.7010e-06   1.1184e-06   3.6328e-07   1.4486e-07
    5   8.5036e-09   2.1268e-08   3.2691e-08   4.1259e-08   4.7766e-08   3.6181e-05   5.5410e-06   1.3434e-06   4.4037e-07   1.7650e-07
    6   7.8314e-09   2.0971e-08   3.3322e-08   4.2787e-08   5.0058e-08   3.9173e-05   6.2753e-06   1.5502e-06   5.1288e-07   2.0664e-07
    7   7.1888e-09   2.0456e-08   3.3511e-08   4.3720e-08   5.1646e-08   4.1290e-05   6.9146e-06   1.7400e-06   5.8103e-07   2.3534e-07
    8   6.5944e-09   1.9815e-08   3.3391e-08   4.4215e-08   5.2703e-08   4.2677e-05   7.4681e-06   1.9140e-06   6.4502e-07   2.6266e-07
    9   6.0539e-09   1.9103e-08   3.3051e-08   4.4380e-08   5.3351e-08   4.3457e-05   7.9441e-06   2.0731e-06   7.0507e-07   2.8865e-07
   10   5.5670e-09   1.8356e-08   3.2556e-08   4.4296e-08   5.3679e-08   4.3733e-05   8.3499e-06   2.2184e-06   7.6136e-07   3.1335e-07
   11   5.1307e-09   1.7601e-08   3.1951e-08   4.4020e-08   5.3754e-08   4.3595e-05   8.6919e-06   2.3508e-06   8.1408e-07   3.3683e-07
   13   4.3918e-09   1.6118e-08   3.0533e-08   4.3060e-08   5.3340e-08   4.2384e-05   9.2072e-06   2.5801e-06   9.0954e-07   3.8030e-07
   15   3.8006e-09   1.4727e-08   2.8977e-08   4.1749e-08   5.2403e-08   4.0336e-05   9.5297e-06   2.7669e-06   9.9274e-07   4.1941e-07
   17   3.3244e-09   1.3455e-08   2.7384e-08   4.0238e-08   5.1131e-08   3.7835e-05   9.6925e-06   2.9165e-06   1.0649e-06   4.5451e-07
   20   2.7697e-09   1.1782e-08   2.5049e-08   3.7804e-08   4.8857e-08   3.3819e-05   9.6978e-06   3.0800e-06   1.1545e-06   5.0032e-07
   23   2.3510e-09   1.0374e-08   2.2865e-08   3.5335e-08   4.6372e-08   2.9987e-05   9.4866e-06   3.1816e-06   1.2244e-06   5.3874e-07
   27   1.9332e-09   8.8477e-09   2.0253e-08   3.2164e-08   4.2989e-08   2.5629e-05   8.9804e-06   3.2383e-06   1.2915e-06   5.7984e-07
   32   1.5560e-09   7.3806e-09   1.7480e-08   2.8548e-08   3.8914e-08   2.1542e-05   8.1552e-06   3.2110e-06   1.3400e-06   6.1719e-07
   38   1.2347e-09   6.0814e-09   1.4800e-08   2.4797e-08   3.4465e-08   1.8194e-05   7.1035e-06   3.0768e-06   1.3570e-06   6.4483e-07
   45   9.7234e-10   4.9839e-09   1.2389e-08   2.1196e-08   2.9983e-08   1.5471e-05   6.0058e-06   2.8374e-06   1.3339e-06   6.5796e-07
   53   7.6580e-10   4.0744e-09   1.0327e-08   1.7943e-08   2.5751e-08   1.2979e-05   5.0467e-06   2.5204e-06   1.2690e-06   6.5353e-07
   63   5.9348e-10   3.2525e-09   8.4498e-09   1.4865e-08   2.1586e-08   1.0311e-05   4.2581e-06   2.1378e-06   1.1552e-06   6.2727e-07
   75   4.5958e-10   2.5524e-09   6.8406e-09   1.2181e-08   1.7843e-08   7.8784e-06   3.6631e-06   1.7680e-06   1.0041e-06   5.7735e-07
   89   3.5837e-10   1.9870e-09   5.4913e-09   9.9375e-09   1.4669e-08   6.0859e-06   3.1066e-06   1.4803e-06   8.4248e-07   5.0894e-07
  106   2.7882e-10   1.5301e-09   4.3145e-09   7.9833e-09   1.1908e-08   4.7326e-06   2.4537e-06   1.2771e-06   6.9389e-07   4.2886e-07
  127   2.1643e-10   1.1685e-09   3.3060e-09   6.2583e-09   9.4815e-09   3.5660e-06   1.8222e-06   1.1000e-06   5.8173e-07   3.5062e-07
  152   1.6964e-10   8.9426e-10   2.5184e-09   4.8193e-09   7.4247e-09   2.6752e-06   1.4008e-06   8.7382e-07   5.0738e-07   2.9165e-07
  182   1.3399e-10   6.8414e-10   1.9203e-09   3.6643e-09   5.6983e-09   2.0176e-06   1.0892e-06   6.3504e-07   4.2999e-07   2.5340e-07
  218   1.0660e-10   5.2553e-10   1.4624e-09   2.7841e-09   4.3216e-09   1.5201e-06   8.0523e-07   4.8840e-07   3.2316e-07   2.1881e-07
  261   8.5366e-11   4.0693e-10   1.1110e-09   2.1185e-09   3.2811e-09   1.1562e-06   6.0425e-07   3.8626e-07   2.3280e-07   1.6867e-07
  313   6.8459e-11   3.1678e-10   8.4571e-10   1.5990e-09   2.4837e-09   8.8719e-07   4.4904e-07   2.7867e-07   1.8862e-07   1.1881e-07
  375   5.4986e-11   2.4901e-10   6.4843e-10   1.2101e-09   1.8704e-09   6.9194e-07   3.3440e-07   2.1043e-07   1.4076e-07   9.5230e-08
  449   4.4077e-11   1.9734e-10   5.0083e-10   9.2186e-10   1.4121e-09   5.4850e-07   2.4974e-07   1.5455e-07   1.0226e-07   7.3586e-08
  538   3.5099e-11   1.5712e-10   3.8944e-10   7.0440e-10   1.0698e-09   4.4014e-07   1.8778e-07   1.1434e-07   7.6701e-08   5.1528e-08
  645   2.7694e-11   1.2537e-10   3.0485e-10   5.4168e-10   8.1270e-10   3.5608e-07   1.4271e-07   8.3894e-08   5.5828e-08   3.9436e-08
  773   2.1623e-11   1.0004e-10   2.4023e-10   4.1961e-10   6.2173e-10   2.8929e-07   1.1020e-07   6.1787e-08   4.0617e-08   2.8190e-08
  927   1.6644e-11   7.9477e-11   1.8993e-10   3.2686e-10   4.7816e-10   2.3466e-07   8.6438e-08   4.5673e-08   2.9556e-08   2.0360e-08
 1112   1.2610e-11   6.2681e-11   1.5029e-10   2.5580e-10   3.6980e-10   1.8937e-07   6.8743e-08   3.4052e-08   2.1437e-08   1.4707e-08
 1334   9.3879e-12   4.8944e-11   1.1867e-10   2.0073e-10   2.8733e-10   1.5152e-07   5.5172e-08   2.5743e-08   1.5554e-08   1.0555e-08
 1600   6.8618e-12   3.7751e-11   9.3220e-11   1.5755e-10   2.2393e-10   1.1981e-07   4.4448e-08   1.9802e-08   1.1328e-08   7.5597e-09
 1919   4.9193e-12   2.8687e-11   7.2600e-11   1.2327e-10   1.7455e-10   9.3208e-08   3.5752e-08   1.5486e-08   8.3141e-09   5.4069e-09
 2302   3.4589e-12   2.1425e-11   5.5877e-11   9.5797e-11   1.3566e-10   7.1032e-08   2.8577e-08   1.2258e-08   6.1789e-09   3.8654e-09
 2762   2.3883e-12   1.5700e-11   4.2390e-11   7.3721e-11   1.0479e-10   5.2824e-08   2.2603e-08   9.7625e-09   4.6690e-09   2.7692e-09
 3314   1.6238e-12   1.1281e-11   3.1638e-11   5.6037e-11   8.0235e-11   3.8261e-08   1.7618e-08   7.7772e-09   3.5908e-09   1.9971e-09
 3976   1.0906e-12   7.9509e-12   2.3197e-11   4.1982e-11   6.0744e-11   2.7007e-08   1.3472e-08   6.1654e-09   2.8014e-09   1.4582e-09
 4771   7.2533e-13   5.5004e-12   1.6685e-11   3.0934e-11   4.5352e-11   1.8628e-08   1.0058e-08   4.8390e-09   2.2029e-09   1.0826e-09
 5725   4.7898e-13   3.7446e-12   1.1776e-11   2.2397e-11   3.3344e-11   1.2622e-08   7.3122e-09   3.7431e-09   1.7349e-09   8.1893e-10
 6869   3.1469e-13   2.5165e-12   8.1646e-12   1.5931e-11   2.4121e-11   8.4453e-09   5.1748e-09   2.8402e-09   1.3605e-09   6.2947e-10
 8242   2.0585e-13   1.6739e-12   5.5688e-12   1.1133e-11   1.7156e-11   5.6006e-09   3.5738e-09   2.1041e-09   1.0565e-09   4.8863e-10
 9890   1.3415e-13   1.1048e-12   3.7460e-12   7.6515e-12   1.1999e-11   3.6904e-09   2.4207e-09   1.5172e-09   8.0818e-10   3.8040e-10
