# t[days] u g r i z y J H K
0.20202 -10.978 -12.247 -11.627 -11.981 -12.523 -8.942 -9.593 -6.838 -5.767 
0.40404 -13.841 -14.160 -14.384 -15.026 -14.199 -14.199 -14.014 -11.291 -12.880 
0.60606 -14.456 -14.882 -15.140 -15.149 -15.139 -14.845 -13.996 -14.274 -13.877 
0.80808 -14.324 -15.065 -15.310 -15.446 -15.258 -15.338 -14.739 -14.440 -14.549 
1.01010 -13.938 -15.283 -15.609 -15.718 -15.505 -15.457 -15.490 -14.802 -14.861 
1.21212 -13.888 -15.312 -15.697 -16.015 -15.702 -15.677 -15.407 -15.535 -14.811 
1.41414 -13.452 -15.148 -15.717 -15.878 -15.969 -15.774 -15.582 -15.849 -15.048 
1.61616 -12.993 -14.763 -15.709 -15.971 -16.007 -15.958 -15.639 -15.584 -15.505 
1.81818 -12.568 -14.555 -15.306 -15.753 -15.754 -15.557 -15.688 -15.844 -15.643 
2.02020 -12.241 -14.293 -15.138 -15.681 -15.693 -15.582 -15.638 -15.747 -15.609 
2.22222 -11.845 -13.714 -14.707 -15.279 -15.405 -15.279 -15.480 -15.691 -15.362 
2.42424 -11.316 -13.395 -14.613 -15.156 -15.344 -15.327 -15.484 -15.414 -15.311 
2.62626 -11.268 -13.138 -14.348 -14.772 -15.087 -15.136 -15.251 -15.394 -15.481 
2.82828 -11.125 -12.555 -13.851 -14.628 -14.909 -14.883 -15.168 -15.237 -15.254 
3.03030 -10.805 -12.404 -13.567 -14.407 -14.505 -14.788 -14.982 -15.103 -15.169 
3.23232 -10.814 -12.142 -13.113 -13.932 -14.568 -14.691 -14.794 -15.021 -14.987 
3.43434 -10.546 -11.719 -13.046 -13.821 -14.378 -14.538 -14.701 -14.886 -15.061 
3.63636 -10.373 -11.526 -12.801 -13.661 -14.322 -14.369 -14.619 -14.817 -14.927 
3.83838 -10.206 -11.315 -12.626 -13.383 -14.127 -14.322 -14.653 -14.586 -14.787 
4.04040 -10.055 -10.897 -12.207 -13.268 -14.004 -14.301 -14.377 -14.619 -14.662 
4.24242 -9.899 -10.920 -12.236 -13.119 -13.853 -14.136 -14.350 -14.746 -14.801 
4.44444 -9.720 -10.890 -11.834 -13.065 -13.799 -14.127 -14.367 -14.482 -14.722 
4.64646 -9.597 -10.660 -11.984 -12.919 -13.695 -13.942 -14.264 -14.483 -14.477 
4.84848 -9.406 -10.485 -11.690 -12.822 -13.551 -13.911 -14.174 -14.435 -14.503 
5.05051 -9.237 -10.414 -11.518 -12.805 -13.546 -13.878 -14.102 -14.407 -14.504 
5.25253 -9.082 -10.233 -11.440 -12.774 -13.461 -13.811 -14.083 -14.322 -14.431 
5.45455 -8.916 -9.906 -11.260 -12.568 -13.480 -13.742 -14.049 -14.119 -14.423 
5.65657 -8.780 -9.775 -11.064 -12.367 -13.380 -13.691 -13.967 -14.062 -14.206 
5.85859 -8.620 -9.713 -10.939 -12.276 -13.249 -13.608 -13.773 -14.113 -14.303 
6.06061 -8.452 -9.677 -10.780 -12.285 -13.123 -13.568 -13.850 -13.901 -14.275 
6.26263 -8.317 -9.450 -10.867 -12.216 -13.164 -13.583 -13.793 -13.996 -14.116 
6.46465 -8.173 -9.467 -10.738 -12.230 -13.127 -13.410 -13.803 -13.917 -14.107 
6.66667 -8.005 -9.334 -10.690 -12.133 -12.953 -13.416 -13.638 -13.891 -14.031 
6.86869 -8.066 -9.227 -10.604 -12.035 -12.788 -13.348 -13.437 -13.842 -14.061 
7.07071 -7.696 -8.971 -10.357 -11.972 -12.950 -13.283 -13.569 -13.698 -14.051 
7.27273 -7.547 -9.056 -10.400 -11.761 -12.844 -13.328 -13.392 -13.696 -13.824 
7.47475 -7.436 -9.060 -10.483 -11.835 -12.702 -13.138 -13.372 -13.554 -13.789 
7.67677 -7.303 -9.056 -10.284 -11.721 -12.624 -13.121 -13.324 -13.634 -13.733 
7.87879 -7.194 -8.622 -10.286 -11.684 -12.642 -13.056 -13.338 -13.555 -13.682 
8.08081 -7.212 -8.597 -10.210 -11.716 -12.610 -12.991 -13.258 -13.588 -13.640 
8.28283 -6.876 -8.894 -10.241 -11.587 -12.599 -12.957 -13.178 -13.416 -13.623 
8.48485 -6.706 -8.312 -9.994 -11.390 -12.455 -12.802 -13.079 -13.393 -13.593 
8.68687 -6.509 -8.143 -9.987 -11.445 -12.446 -12.860 -13.032 -13.327 -13.466 
8.88889 -6.371 -8.116 -9.858 -11.457 -12.487 -12.768 -13.033 -13.205 -13.494 
9.09091 -6.183 -8.078 -9.935 -11.394 -12.367 -12.727 -12.954 -13.238 -13.362 
9.29293 -6.191 -7.981 -9.900 -11.212 -12.324 -12.719 -12.937 -13.202 -13.281 
9.49495 -5.876 -7.720 -9.688 -11.276 -12.193 -12.679 -12.957 -13.177 -13.262 
9.69697 -5.707 -7.753 -9.576 -11.147 -12.222 -12.651 -12.897 -13.051 -13.206 
9.89899 -5.529 -7.761 -9.572 -11.165 -12.121 -12.529 -12.890 -12.975 -13.146 
10.10101 -5.405 -7.464 -9.489 -11.038 -11.967 -12.510 -12.807 -12.968 -13.262 
10.30303 -5.378 -7.399 -9.404 -10.924 -12.016 -12.485 -12.745 -13.034 -13.188 
10.50505 -5.164 -7.322 -9.456 -10.934 -11.880 -12.415 -12.623 -12.884 -13.046 
10.70707 -5.057 -7.272 -9.255 -10.807 -11.837 -12.317 -12.618 -12.900 -13.007 
10.90909 -4.798 -7.017 -9.212 -10.795 -11.748 -12.218 -12.599 -12.812 -12.970 
11.11111 -4.699 -6.816 -9.066 -10.711 -11.709 -12.170 -12.494 -12.774 -12.853 
11.31313 -4.614 -6.924 -9.104 -10.605 -11.635 -12.120 -12.490 -12.752 -12.852 
11.51515 -4.443 -6.715 -8.934 -10.627 -11.634 -12.067 -12.463 -12.706 -12.803 
11.71717 -4.304 -6.494 -8.833 -10.538 -11.565 -12.010 -12.388 -12.661 -12.817 
11.91919 -4.252 -6.610 -8.862 -10.496 -11.441 -11.932 -12.358 -12.561 -12.769 
12.12121 -4.148 -6.498 -8.715 -10.370 -11.399 -11.871 -12.305 -12.555 -12.798 
12.32323 -3.959 -6.945 -8.585 -10.283 -11.439 -11.905 -12.306 -12.492 -12.746 
12.52525 -3.891 -6.303 -8.491 -10.244 -11.230 -11.820 -12.233 -12.477 -12.586 
12.72727 -3.717 -6.241 -8.470 -10.154 -11.203 -11.777 -12.213 -12.486 -12.625 
12.92929 -3.621 -6.032 -8.180 -10.105 -11.201 -11.692 -12.159 -12.441 -12.570 
13.13131 -3.634 -6.142 -8.344 -9.994 -11.146 -11.641 -12.153 -12.417 -12.599 
13.33333 -3.373 -5.629 -8.509 -9.988 -11.023 -11.600 -12.107 -12.356 -12.506 
13.53535 -3.213 -5.809 -8.086 -9.925 -11.055 -11.551 -12.102 -12.375 -12.479 
13.73737 -3.051 -5.494 -8.147 -9.824 -10.919 -11.565 -12.059 -12.406 -12.620 
13.93939 -2.925 -5.564 -7.827 -9.839 -10.900 -11.443 -11.974 -12.332 -12.484 
14.14141 -2.988 -5.167 -7.777 -9.690 -10.957 -11.485 -11.994 -12.320 -12.433 
14.34343 -2.718 -5.201 -7.851 -9.752 -10.841 -11.394 -11.983 -12.292 -12.456 
14.54545 -2.601 -5.427 -7.811 -9.665 -10.771 -11.371 -11.927 -12.301 -12.507 
14.74747 -2.372 -5.194 -7.685 -9.528 -10.782 -11.288 -11.943 -12.252 -12.388 
14.94949 -2.237 -4.993 -7.586 -9.519 -10.672 -11.325 -11.895 -12.218 -12.383 
15.15152 -2.130 -5.065 -7.447 -9.407 -10.651 -11.383 -11.855 -12.212 -12.325 
15.35354 -1.960 -4.745 -7.342 -9.440 -10.600 -11.375 -11.804 -12.226 -12.413 
15.55556 -1.845 -4.687 -7.275 -9.306 -10.537 -11.171 -11.759 -12.183 -12.283 
15.75758 -1.694 -4.654 -7.333 -9.316 -10.486 -11.146 -11.774 -12.177 -12.310 
15.95960 -1.582 -4.521 -7.065 -9.297 -10.502 -11.094 -11.739 -12.150 -12.282 
16.16162 -1.476 -4.521 -7.208 -9.224 -10.425 -11.105 -11.689 -12.136 -12.297 
16.36364 -1.357 -4.455 -7.098 -9.109 -10.367 -11.012 -11.708 -12.108 -12.302 
16.56566 -1.294 -4.295 -6.948 -9.085 -10.373 -11.007 -11.670 -12.102 -12.308 
16.76768 -1.199 -4.031 -6.937 -9.088 -10.317 -11.027 -11.629 -12.064 -12.230 
16.96970 -1.148 -4.085 -6.865 -9.007 -10.257 -10.967 -11.617 -12.109 -12.277 
17.17172 -1.002 -4.081 -6.711 -9.034 -10.232 -10.979 -11.595 -12.069 -12.236 
17.37374 -0.973 -4.009 -6.725 -8.887 -10.140 -10.896 -11.582 -12.045 -12.264 
17.57576 -0.923 -3.656 -6.605 -8.837 -10.185 -10.953 -11.525 -12.109 -12.256 
17.77778 -0.843 -3.450 -6.533 -8.755 -10.079 -10.816 -11.592 -12.021 -12.189 
17.97980 -0.790 -3.676 -6.591 -8.810 -10.129 -10.820 -11.575 -12.000 -12.219 
18.18182 -0.766 -3.345 -6.393 -8.678 -9.989 -10.897 -11.497 -11.952 -12.218 
18.38384 -0.580 -3.567 -6.224 -8.504 -9.968 -10.795 -11.477 -11.961 -12.280 
18.58586 -0.539 -3.530 -6.197 -8.536 -9.956 -10.884 -11.439 -11.972 -12.217 
18.78788 -0.439 -3.371 -6.225 -8.398 -9.868 -10.702 -11.434 -11.975 -12.220 
18.98990 -0.375 -3.351 -6.217 -8.574 -9.813 -10.607 -11.368 -11.946 -12.240 
19.19192 -0.325 -2.933 -6.092 -8.435 -9.908 -10.583 -11.389 -11.880 -12.172 
19.39394 -0.242 -2.718 -5.964 -8.250 -9.768 -10.545 -11.376 -11.860 -12.151 
19.59596 -0.138 -2.641 -5.782 -8.396 -9.724 -10.467 -11.284 -11.803 -12.101 
19.79798 0.025 -2.719 -5.665 -7.916 -9.594 -10.419 -11.230 -11.728 -12.037 
20.00000 0.146 -2.800 -5.484 -7.971 -9.498 -10.268 -11.083 -11.638 -11.890 
