# t[days] u g r i z y J H K
0.20202 -11.494 -11.988 -9.755 -9.925 -9.652 -9.000 -9.099 -8.719 -10.864 
0.40404 -13.789 -14.667 -15.264 -14.885 -14.191 -14.100 -14.172 -13.537 -11.885 
0.60606 -14.751 -15.690 -15.879 -15.637 -15.155 -15.205 -15.298 -14.070 -13.994 
0.80808 -15.001 -15.871 -16.261 -15.997 -15.811 -15.454 -15.435 -15.110 -14.748 
1.01010 -14.500 -16.068 -16.283 -16.111 -15.955 -15.480 -15.605 -15.795 -15.224 
1.21212 -14.464 -15.805 -15.811 -16.050 -15.748 -15.735 -15.659 -15.616 -14.446 
1.41414 -14.030 -15.604 -15.933 -16.057 -15.937 -15.929 -15.969 -15.759 -15.178 
1.61616 -13.580 -15.509 -15.958 -16.008 -16.092 -16.167 -16.229 -15.850 -15.601 
1.81818 -13.381 -15.549 -15.904 -16.096 -16.436 -16.434 -16.238 -16.372 -16.085 
2.02020 -13.218 -15.550 -15.918 -16.131 -16.232 -16.467 -16.360 -16.270 -16.024 
2.22222 -13.173 -15.291 -15.868 -16.093 -16.200 -16.492 -16.404 -16.403 -16.317 
2.42424 -13.209 -15.075 -15.638 -15.963 -16.300 -16.335 -16.317 -16.342 -15.998 
2.62626 -12.687 -14.779 -15.389 -15.800 -16.245 -16.286 -16.172 -16.257 -16.150 
2.82828 -12.768 -14.683 -15.307 -15.638 -16.101 -16.143 -16.238 -16.195 -15.942 
3.03030 -12.599 -14.240 -14.966 -15.627 -15.970 -16.081 -16.155 -16.133 -16.097 
3.23232 -12.478 -14.167 -15.004 -15.394 -15.786 -16.013 -16.013 -16.050 -16.035 
3.43434 -12.182 -13.992 -14.672 -15.391 -15.743 -15.907 -15.921 -15.837 -15.967 
3.63636 -12.084 -13.674 -14.400 -15.110 -15.631 -15.716 -15.942 -15.866 -15.792 
3.83838 -11.663 -13.611 -14.266 -14.853 -15.414 -15.689 -15.685 -15.732 -15.471 
4.04040 -11.752 -13.182 -14.159 -14.845 -15.358 -15.518 -15.661 -15.686 -15.753 
4.24242 -11.591 -12.842 -14.042 -14.632 -15.224 -15.416 -15.574 -15.477 -15.573 
4.44444 -11.570 -12.631 -13.830 -14.462 -15.070 -15.499 -15.429 -15.598 -15.419 
4.64646 -11.141 -12.943 -13.974 -14.606 -15.161 -15.304 -15.290 -15.359 -15.622 
4.84848 -11.030 -12.614 -13.526 -14.413 -14.956 -15.254 -15.361 -15.436 -15.325 
5.05051 -10.805 -12.405 -13.505 -14.179 -14.855 -15.214 -15.138 -15.164 -15.293 
5.25253 -10.608 -12.227 -13.444 -14.174 -14.725 -14.993 -15.074 -15.251 -15.149 
5.45455 -10.368 -12.205 -13.217 -14.096 -14.711 -14.922 -14.990 -15.203 -14.981 
5.65657 -10.306 -12.136 -13.112 -13.995 -14.509 -14.974 -14.976 -14.992 -15.065 
5.85859 -10.775 -12.166 -13.121 -13.990 -14.520 -14.786 -14.868 -14.951 -15.123 
6.06061 -10.115 -12.121 -12.936 -13.786 -14.404 -14.689 -14.912 -14.862 -14.975 
6.26263 -9.795 -11.659 -12.884 -13.667 -14.299 -14.628 -14.777 -14.685 -14.817 
6.46465 -9.533 -11.544 -12.713 -13.596 -14.311 -14.592 -14.653 -14.696 -14.597 
6.66667 -9.674 -11.459 -12.657 -13.540 -14.131 -14.548 -14.593 -14.628 -14.561 
6.86869 -9.473 -11.219 -12.501 -13.430 -14.098 -14.513 -14.494 -14.567 -14.656 
7.07071 -9.850 -11.304 -12.384 -13.359 -13.963 -14.301 -14.524 -14.442 -14.664 
7.27273 -9.158 -11.534 -12.477 -13.420 -14.013 -14.264 -14.355 -14.408 -14.297 
7.47475 -9.631 -11.045 -12.170 -13.264 -14.004 -14.315 -14.311 -14.432 -14.497 
7.67677 -9.219 -10.803 -12.258 -13.262 -13.912 -14.254 -14.233 -14.338 -14.374 
7.87879 -8.700 -10.809 -12.132 -13.105 -13.800 -14.147 -14.312 -14.236 -14.249 
8.08081 -8.265 -10.601 -12.112 -12.938 -13.667 -14.093 -14.216 -14.153 -14.256 
8.28283 -7.917 -10.379 -11.872 -12.884 -13.580 -14.062 -14.147 -14.119 -14.105 
8.48485 -8.268 -10.356 -12.005 -12.890 -13.522 -13.917 -14.006 -14.054 -14.198 
8.68687 -7.713 -10.415 -11.690 -12.760 -13.621 -13.881 -13.991 -14.134 -14.237 
8.88889 -7.766 -10.238 -11.567 -12.774 -13.463 -13.855 -14.007 -14.002 -13.788 
9.09091 -8.249 -10.107 -11.747 -12.834 -13.312 -13.759 -14.023 -13.978 -13.915 
9.29293 -7.455 -9.783 -11.413 -12.619 -13.290 -13.593 -13.834 -13.859 -13.786 
9.49495 -7.237 -9.689 -11.409 -12.426 -13.173 -13.620 -13.830 -13.789 -13.807 
9.69697 -7.139 -9.688 -11.262 -12.503 -13.179 -13.578 -13.735 -13.737 -13.790 
9.89899 -6.676 -9.597 -11.232 -12.397 -13.059 -13.388 -13.710 -13.712 -13.633 
10.10101 -6.493 -9.234 -10.911 -12.280 -13.026 -13.382 -13.678 -13.727 -13.696 
10.30303 -6.542 -9.122 -10.893 -12.156 -13.074 -13.406 -13.621 -13.656 -13.629 
10.50505 -6.516 -8.925 -10.866 -12.075 -12.825 -13.283 -13.564 -13.583 -13.565 
10.70707 -5.933 -8.826 -10.882 -11.997 -12.723 -13.226 -13.495 -13.579 -13.528 
10.90909 -6.197 -8.987 -10.760 -11.957 -12.843 -13.192 -13.477 -13.561 -13.530 
11.11111 -6.327 -8.758 -10.742 -11.855 -12.651 -13.179 -13.364 -13.500 -13.459 
11.31313 -5.650 -8.576 -10.445 -11.780 -12.629 -13.123 -13.328 -13.415 -13.460 
11.51515 -5.105 -8.371 -10.275 -11.601 -12.573 -12.950 -13.264 -13.437 -13.382 
11.71717 -5.412 -8.355 -10.306 -11.593 -12.426 -12.876 -13.220 -13.327 -13.386 
11.91919 -5.548 -8.106 -10.140 -11.568 -12.384 -12.810 -13.195 -13.327 -13.341 
12.12121 -4.759 -8.133 -10.007 -11.471 -12.247 -12.748 -13.127 -13.217 -13.222 
12.32323 -4.605 -7.940 -9.957 -11.434 -12.221 -12.730 -13.041 -13.232 -13.211 
12.52525 -4.539 -7.630 -9.897 -11.242 -12.153 -12.705 -12.979 -13.147 -13.213 
12.72727 -4.601 -7.519 -9.893 -11.214 -12.061 -12.639 -12.951 -13.135 -13.146 
12.92929 -4.164 -7.421 -9.566 -11.095 -12.085 -12.550 -12.930 -13.125 -13.034 
13.13131 -4.270 -7.109 -9.601 -10.997 -11.939 -12.561 -12.895 -13.035 -13.085 
13.33333 -4.174 -7.094 -9.316 -10.977 -11.922 -12.408 -12.866 -13.093 -13.057 
13.53535 -3.844 -7.155 -9.387 -10.952 -11.849 -12.377 -12.803 -13.007 -13.028 
13.73737 -3.821 -6.918 -9.171 -10.799 -11.763 -12.331 -12.741 -13.005 -12.988 
13.93939 -3.816 -6.943 -9.155 -10.800 -11.730 -12.294 -12.717 -13.003 -13.064 
14.14141 -3.453 -6.815 -9.019 -10.651 -11.689 -12.112 -12.685 -12.910 -12.956 
14.34343 -3.375 -6.708 -9.021 -10.616 -11.600 -12.209 -12.601 -12.909 -12.935 
14.54545 -3.492 -6.588 -8.846 -10.491 -11.552 -12.092 -12.591 -12.854 -12.844 
14.74747 -3.155 -6.436 -8.761 -10.512 -11.430 -12.019 -12.577 -12.857 -12.888 
14.94949 -3.044 -6.217 -8.576 -10.425 -11.527 -12.021 -12.531 -12.839 -12.834 
15.15152 -3.179 -6.239 -8.777 -10.356 -11.347 -11.945 -12.475 -12.800 -12.845 
15.35354 -2.812 -5.929 -8.809 -10.303 -11.457 -11.972 -12.460 -12.751 -12.816 
15.55556 -2.694 -5.869 -8.421 -10.209 -11.245 -11.885 -12.425 -12.759 -12.890 
15.75758 -2.602 -5.930 -8.417 -10.180 -11.225 -11.784 -12.447 -12.713 -12.784 
15.95960 -2.600 -5.875 -8.242 -9.933 -11.117 -11.754 -12.344 -12.729 -12.771 
16.16162 -2.344 -6.008 -8.150 -9.932 -11.078 -11.707 -12.304 -12.697 -12.796 
16.36364 -2.183 -5.365 -7.967 -9.916 -11.081 -11.637 -12.307 -12.608 -12.765 
16.56566 -2.041 -5.832 -8.035 -9.904 -11.016 -11.734 -12.236 -12.622 -12.735 
16.76768 -1.901 -5.498 -7.806 -9.828 -10.965 -11.607 -12.324 -12.650 -12.673 
16.96970 -1.821 -4.864 -7.802 -9.762 -10.959 -11.594 -12.296 -12.613 -12.699 
17.17172 -1.614 -5.379 -7.905 -9.699 -10.951 -11.582 -12.187 -12.568 -12.700 
17.37374 -1.531 -4.835 -7.903 -9.717 -10.878 -11.501 -12.179 -12.568 -12.704 
17.57576 -1.528 -4.932 -7.604 -9.569 -10.774 -11.505 -12.152 -12.534 -12.707 
17.77778 -1.202 -4.850 -7.694 -9.647 -10.786 -11.479 -12.146 -12.525 -12.639 
17.97980 -1.284 -4.674 -7.406 -9.485 -10.734 -11.370 -12.116 -12.496 -12.674 
18.18182 -1.125 -4.133 -7.388 -9.276 -10.660 -11.380 -12.061 -12.502 -12.653 
18.38384 -0.951 -4.777 -7.322 -9.426 -10.608 -11.368 -12.027 -12.499 -12.627 
18.58586 -0.872 -4.504 -7.086 -9.282 -10.667 -11.354 -12.011 -12.490 -12.617 
18.78788 -0.868 -4.085 -7.044 -9.186 -10.544 -11.362 -11.933 -12.443 -12.685 
18.98990 -0.750 -4.175 -7.158 -9.225 -10.464 -11.214 -11.961 -12.429 -12.619 
19.19192 -0.652 -3.773 -6.915 -9.064 -10.419 -11.140 -11.896 -12.406 -12.586 
19.39394 -0.573 -4.115 -6.762 -8.949 -10.364 -11.043 -11.855 -12.307 -12.509 
19.59596 -0.539 -3.726 -6.689 -8.903 -10.274 -11.082 -11.821 -12.306 -12.464 
19.79798 -0.492 -3.216 -6.510 -8.746 -10.148 -10.975 -11.742 -12.215 -12.456 
20.00000 -0.357 -3.265 -6.214 -8.766 -10.067 -10.916 -11.656 -12.160 -12.402 
