# t[days] u g r i z y J H K
0.20202 -12.253 -13.109 -12.707 -13.165 -14.400 -11.069 -4.000 -12.065 nan 
0.40404 -13.083 -14.015 -14.465 -14.419 -13.852 -13.017 -13.264 -12.950 -5.457 
0.60606 -13.254 -14.658 -14.612 -14.247 -14.536 -14.492 -12.906 -12.941 -13.994 
0.80808 -13.085 -13.982 -14.400 -14.575 -14.311 -13.918 -13.882 -13.036 -13.120 
1.01010 -12.795 -14.000 -14.937 -14.359 -14.480 -13.650 -13.524 -13.835 -13.579 
1.21212 -12.317 -14.142 -14.008 -14.250 -13.295 -13.765 -14.090 -12.768 -13.029 
1.41414 -12.592 -14.483 -14.622 -14.969 -15.143 -15.327 -15.272 -14.755 -14.789 
1.61616 -13.419 -14.889 -15.121 -15.506 -15.507 -15.629 -15.738 -15.334 -15.176 
1.81818 -13.715 -15.030 -15.278 -15.746 -15.975 -16.004 -15.969 -15.931 -15.598 
2.02020 -13.531 -14.811 -15.311 -15.698 -16.157 -16.270 -15.944 -15.942 -15.500 
2.22222 -13.152 -14.475 -15.252 -15.681 -16.109 -16.343 -16.095 -16.135 -16.058 
2.42424 -13.042 -14.223 -15.049 -15.546 -16.041 -16.349 -16.086 -15.737 -15.983 
2.62626 -12.823 -14.042 -15.004 -15.522 -16.063 -16.190 -16.081 -15.993 -15.914 
2.82828 -12.852 -13.832 -14.687 -15.410 -15.838 -16.080 -16.114 -16.102 -15.934 
3.03030 -12.354 -13.510 -14.448 -15.378 -15.748 -16.094 -15.933 -15.771 -15.888 
3.23232 -12.147 -13.415 -14.349 -15.005 -15.560 -15.834 -15.866 -15.663 -15.570 
3.43434 -12.254 -13.187 -14.285 -14.993 -15.715 -15.799 -15.753 -15.630 -15.675 
3.63636 -12.061 -13.145 -14.128 -14.911 -15.483 -15.683 -15.586 -15.405 -15.465 
3.83838 -12.456 -13.226 -14.096 -14.855 -15.370 -15.558 -15.536 -15.457 -15.566 
4.04040 -12.160 -13.099 -13.911 -14.628 -15.163 -15.508 -15.321 -15.271 -15.141 
4.24242 -11.587 -12.936 -13.841 -14.575 -15.136 -15.341 -15.276 -14.953 -15.119 
4.44444 -11.945 -13.101 -13.886 -14.629 -15.098 -15.357 -15.188 -15.113 -15.009 
4.64646 -11.336 -12.836 -13.751 -14.412 -14.988 -15.314 -15.010 -14.871 -15.086 
4.84848 -11.322 -12.513 -13.489 -14.440 -14.895 -15.212 -15.125 -14.898 -14.574 
5.05051 -10.947 -12.352 -13.464 -14.316 -14.826 -15.096 -14.914 -14.685 -14.578 
5.25253 -10.814 -12.410 -13.416 -14.086 -14.663 -14.942 -14.862 -14.630 -14.652 
5.45455 -10.731 -12.209 -13.194 -14.074 -14.668 -14.852 -14.785 -14.623 -14.589 
5.65657 -10.417 -12.054 -13.150 -13.905 -14.511 -14.773 -14.704 -14.608 -14.431 
5.85859 -10.489 -12.027 -13.287 -13.979 -14.553 -14.770 -14.671 -14.644 -14.375 
6.06061 -10.796 -12.015 -13.114 -13.876 -14.379 -14.675 -14.596 -14.512 -14.425 
6.26263 -9.968 -11.853 -12.919 -13.747 -14.345 -14.610 -14.545 -14.449 -14.215 
6.46465 -10.113 -11.755 -12.922 -13.791 -14.259 -14.525 -14.460 -14.301 -14.144 
6.66667 -9.621 -11.666 -12.810 -13.634 -14.267 -14.477 -14.537 -14.338 -14.081 
6.86869 -9.506 -11.333 -12.645 -13.469 -13.999 -14.316 -14.399 -14.215 -14.101 
7.07071 -9.032 -11.214 -12.572 -13.396 -14.064 -14.320 -14.321 -14.134 -13.997 
7.27273 -8.926 -11.065 -12.349 -13.402 -13.915 -14.232 -14.211 -14.087 -13.871 
7.47475 -8.905 -11.024 -12.287 -13.150 -13.836 -14.099 -14.072 -14.037 -13.744 
7.67677 -8.828 -10.773 -12.223 -13.198 -13.776 -14.143 -14.099 -14.084 -13.740 
7.87879 -8.674 -10.952 -12.235 -13.058 -13.649 -14.079 -14.083 -13.959 -13.790 
8.08081 -8.446 -10.795 -11.973 -13.067 -13.614 -13.979 -14.003 -13.960 -13.715 
8.28283 -8.288 -10.401 -11.944 -12.866 -13.504 -13.878 -13.986 -13.882 -13.685 
8.48485 -8.004 -10.337 -11.771 -12.810 -13.507 -13.735 -13.814 -13.958 -13.634 
8.68687 -8.027 -10.238 -11.808 -12.636 -13.526 -13.703 -13.782 -13.723 -13.562 
8.88889 -7.460 -9.972 -11.557 -12.648 -13.364 -13.651 -13.738 -13.783 -13.543 
9.09091 -7.154 -9.768 -11.454 -12.477 -13.272 -13.586 -13.767 -13.739 -13.410 
9.29293 -7.550 -9.823 -11.404 -12.424 -13.226 -13.473 -13.715 -13.650 -13.421 
9.49495 -7.033 -9.962 -11.336 -12.343 -13.050 -13.417 -13.610 -13.521 -13.410 
9.69697 -6.756 -9.517 -11.061 -12.355 -13.005 -13.325 -13.586 -13.494 -13.386 
9.89899 -6.376 -9.324 -11.009 -12.178 -12.886 -13.319 -13.538 -13.454 -13.287 
10.10101 -6.099 -8.893 -10.869 -12.078 -12.757 -13.118 -13.449 -13.419 -13.295 
10.30303 -6.195 -8.975 -10.733 -11.993 -12.668 -13.061 -13.354 -13.433 -13.217 
10.50505 -5.546 -9.227 -10.781 -11.796 -12.686 -13.042 -13.351 -13.346 -13.113 
10.70707 -5.719 -8.770 -10.553 -11.835 -12.629 -12.992 -13.269 -13.265 -13.200 
10.90909 -6.142 -8.858 -10.552 -11.777 -12.546 -12.918 -13.241 -13.274 -13.156 
11.11111 -5.325 -8.378 -10.405 -11.661 -12.452 -12.881 -13.120 -13.167 -13.105 
11.31313 -5.291 -8.297 -10.149 -11.573 -12.318 -12.799 -13.092 -13.235 -13.059 
11.51515 -5.190 -8.038 -10.105 -11.545 -12.245 -12.715 -13.053 -13.194 -13.021 
11.71717 -5.274 -8.180 -10.025 -11.327 -12.215 -12.651 -13.047 -13.052 -12.969 
11.91919 -4.926 -7.864 -9.862 -11.266 -12.149 -12.607 -12.953 -13.129 -13.049 
12.12121 -5.162 -7.637 -9.955 -11.281 -12.150 -12.533 -12.918 -13.013 -13.032 
12.32323 -4.180 -7.498 -9.623 -11.039 -11.988 -12.466 -12.850 -13.014 -12.990 
12.52525 -4.455 -7.384 -9.681 -11.050 -11.900 -12.391 -12.820 -12.977 -12.877 
12.72727 -3.971 -7.217 -9.470 -10.983 -11.857 -12.314 -12.743 -12.961 -12.815 
12.92929 -3.968 -7.124 -9.373 -10.929 -11.880 -12.375 -12.769 -12.878 -12.921 
13.13131 -3.496 -7.025 -9.170 -10.791 -11.775 -12.236 -12.694 -12.885 -12.883 
13.33333 -3.729 -6.885 -9.264 -10.703 -11.678 -12.160 -12.661 -12.800 -12.850 
13.53535 -3.405 -6.551 -9.103 -10.669 -11.610 -12.103 -12.709 -12.833 -12.843 
13.73737 -3.804 -6.706 -8.990 -10.513 -11.536 -12.149 -12.578 -12.796 -12.810 
13.93939 -3.092 -6.403 -8.977 -10.563 -11.490 -12.046 -12.550 -12.784 -12.825 
14.14141 -3.065 -6.498 -8.931 -10.493 -11.461 -12.049 -12.526 -12.772 -12.766 
14.34343 -3.236 -6.239 -8.645 -10.429 -11.359 -11.940 -12.471 -12.724 -12.696 
14.54545 -2.590 -5.986 -8.530 -10.350 -11.316 -11.884 -12.438 -12.710 -12.789 
14.74747 -2.725 -6.306 -8.539 -10.256 -11.286 -11.892 -12.385 -12.674 -12.749 
14.94949 -2.252 -5.504 -8.539 -10.232 -11.249 -11.806 -12.367 -12.681 -12.773 
15.15152 -2.092 -5.864 -8.404 -10.241 -11.101 -11.717 -12.315 -12.643 -12.676 
15.35354 -2.669 -5.777 -8.447 -10.182 -11.131 -11.678 -12.281 -12.588 -12.666 
15.55556 -1.839 -5.608 -8.173 -9.967 -11.071 -11.730 -12.305 -12.636 -12.769 
15.75758 -1.717 -5.306 -8.069 -10.006 -11.145 -11.660 -12.220 -12.599 -12.676 
15.95960 -1.887 -5.340 -7.980 -10.323 -11.002 -11.568 -12.225 -12.519 -12.670 
16.16162 -1.691 -5.208 -7.868 -9.731 -10.920 -11.629 -12.170 -12.549 -12.674 
16.36364 -1.476 -5.082 -7.929 -9.843 -10.901 -11.615 -12.156 -12.543 -12.630 
16.56566 -2.068 -5.184 -7.742 -9.803 -11.248 -11.470 -12.126 -12.542 -12.611 
16.76768 -1.277 -5.279 -7.831 -9.666 -10.734 -11.472 -12.097 -12.512 -12.626 
16.96970 -1.123 -4.564 -7.551 -9.600 -10.756 -11.360 -12.075 -12.452 -12.615 
17.17172 -1.068 -4.903 -7.612 -9.413 -10.798 -11.401 -12.084 -12.479 -12.597 
17.37374 -1.501 -4.631 -7.410 -9.437 -10.737 -11.365 -12.018 -12.521 -12.589 
17.57576 -1.234 -4.245 -7.353 -9.417 -10.653 -11.288 -12.056 -12.457 -12.612 
17.77778 -0.835 -4.489 -7.165 -9.367 -10.585 -11.256 -11.976 -12.411 -12.515 
17.97980 -0.745 -4.023 -7.172 -9.227 -10.545 -11.188 -11.925 -12.414 -12.571 
18.18182 -0.690 -4.316 -6.937 -9.266 -10.522 -11.199 -11.946 -12.370 -12.598 
18.38384 -0.655 -3.983 -7.197 -9.107 -10.412 -11.182 -11.884 -12.360 -12.545 
18.58586 -0.506 -4.182 -7.151 -9.147 -10.546 -11.199 -11.864 -12.321 -12.532 
18.78788 -0.482 -3.862 -6.951 -9.132 -10.373 -11.001 -11.826 -12.333 -12.507 
18.98990 -0.422 -3.790 -6.873 -9.216 -10.373 -11.091 -11.825 -12.288 -12.506 
19.19192 -0.350 -3.547 -6.973 -8.885 -10.262 -11.050 -11.784 -12.283 -12.453 
19.39394 -0.249 -3.379 -6.510 -8.905 -10.365 -10.943 -11.695 -12.248 -12.464 
19.59596 -0.149 -3.086 -6.476 -8.683 -10.142 -10.873 -11.865 -12.182 -12.456 
19.79798 -0.025 -3.169 -6.083 -8.630 -10.005 -10.820 -11.617 -12.120 -12.290 
20.00000 0.067 -2.755 -7.253 -8.441 -9.895 -10.688 -11.519 -12.031 -12.293 
