# t[days] u g r i z y J H K
0.20202 -10.765 -12.152 -10.677 -8.619 -7.429 -8.431 -6.432 -11.211 -4.020 
0.40404 -13.565 -14.314 -14.608 -14.657 -14.024 -12.777 -13.348 -12.426 -10.539 
0.60606 -14.410 -15.163 -15.606 -15.542 -14.696 -14.413 -14.247 -13.796 -13.891 
0.80808 -14.760 -15.682 -16.100 -16.071 -15.716 -15.428 -15.044 -14.540 -14.329 
1.01010 -14.567 -15.708 -16.146 -16.157 -16.028 -15.712 -15.448 -14.915 -14.391 
1.21212 -14.274 -15.524 -16.256 -16.339 -16.101 -16.065 -15.761 -15.603 -15.260 
1.41414 -14.031 -15.562 -16.229 -16.366 -16.231 -16.038 -15.850 -15.565 -15.170 
1.61616 -13.655 -15.316 -16.042 -16.328 -16.183 -16.120 -15.875 -15.536 -15.474 
1.81818 -13.077 -15.057 -15.852 -16.021 -15.951 -15.918 -15.884 -15.677 -15.627 
2.02020 -12.542 -14.829 -15.601 -15.912 -15.887 -15.872 -15.716 -15.704 -15.278 
2.22222 -12.328 -14.464 -15.392 -15.640 -15.799 -15.790 -15.685 -15.510 -15.388 
2.42424 -11.598 -14.104 -15.183 -15.447 -15.520 -15.460 -15.504 -15.407 -15.322 
2.62626 -11.486 -13.877 -14.768 -15.210 -15.269 -15.416 -15.306 -15.390 -15.186 
2.82828 -11.052 -13.520 -14.449 -14.833 -14.880 -14.992 -15.317 -15.251 -15.229 
3.03030 -10.793 -12.999 -14.178 -14.651 -14.821 -14.934 -14.942 -15.222 -14.992 
3.23232 -10.548 -12.652 -13.904 -14.264 -14.589 -14.691 -14.825 -15.077 -15.138 
3.43434 -10.303 -12.349 -13.614 -14.111 -14.409 -14.519 -14.722 -14.866 -14.897 
3.63636 -10.108 -12.045 -13.369 -13.943 -14.322 -14.177 -14.671 -14.703 -14.823 
3.83838 -9.877 -11.763 -12.937 -13.646 -14.075 -14.200 -14.485 -14.700 -14.837 
4.04040 -9.773 -11.549 -12.879 -13.547 -13.851 -14.077 -14.329 -14.728 -14.544 
4.24242 -9.586 -11.330 -12.701 -13.279 -13.759 -13.993 -14.288 -14.447 -14.713 
4.44444 -9.317 -11.264 -12.523 -13.169 -13.739 -13.750 -14.072 -14.476 -14.410 
4.64646 -9.097 -11.002 -12.334 -13.097 -13.560 -13.646 -14.034 -14.296 -14.457 
4.84848 -8.940 -10.804 -12.075 -12.897 -13.317 -13.513 -13.892 -14.214 -14.392 
5.05051 -8.774 -10.581 -12.002 -12.845 -13.317 -13.504 -13.934 -14.202 -14.328 
5.25253 -8.628 -10.387 -11.801 -12.506 -13.166 -13.459 -13.846 -14.152 -14.363 
5.45455 -8.412 -10.433 -11.558 -12.487 -13.156 -13.351 -13.715 -14.207 -14.249 
5.65657 -8.284 -9.948 -11.588 -12.445 -12.956 -13.283 -13.591 -13.998 -14.225 
5.85859 -8.115 -9.837 -11.376 -12.345 -12.842 -13.107 -13.575 -13.922 -14.208 
6.06061 -7.981 -9.725 -11.113 -12.208 -12.858 -13.173 -13.568 -13.822 -14.103 
6.26263 -7.780 -9.504 -11.058 -12.084 -12.705 -13.024 -13.407 -13.841 -14.046 
6.46465 -7.670 -9.493 -10.892 -11.797 -12.521 -12.864 -13.373 -13.783 -13.848 
6.66667 -7.456 -9.248 -10.807 -11.862 -12.606 -12.776 -13.308 -13.676 -14.026 
6.86869 -7.361 -9.115 -10.605 -11.767 -12.417 -12.815 -13.196 -13.576 -13.933 
7.07071 -7.185 -9.061 -10.516 -11.665 -12.383 -12.702 -13.087 -13.667 -13.814 
7.27273 -7.027 -8.900 -10.459 -11.652 -12.262 -12.663 -13.103 -13.510 -13.817 
7.47475 -6.847 -8.732 -10.339 -11.494 -12.281 -12.660 -12.999 -13.461 -13.784 
7.67677 -6.672 -8.627 -10.228 -11.448 -12.168 -12.501 -13.015 -13.403 -13.745 
7.87879 -6.510 -8.376 -10.025 -11.318 -12.059 -12.396 -12.830 -13.332 -13.636 
8.08081 -6.315 -8.135 -9.894 -11.240 -12.028 -12.456 -12.809 -13.251 -13.605 
8.28283 -6.261 -8.337 -9.993 -11.117 -11.958 -12.389 -12.868 -13.245 -13.499 
8.48485 -5.963 -7.917 -9.871 -11.098 -11.926 -12.291 -12.785 -13.181 -13.467 
8.68687 -5.777 -7.916 -9.697 -10.971 -11.775 -12.231 -12.734 -13.090 -13.506 
8.88889 -5.663 -7.651 -9.387 -11.050 -11.749 -12.133 -12.580 -13.115 -13.368 
9.09091 -5.472 -7.373 -9.283 -10.672 -11.690 -12.136 -12.503 -13.002 -13.411 
9.29293 -5.306 -7.314 -9.318 -10.816 -11.631 -12.010 -12.530 -12.911 -13.301 
9.49495 -5.215 -7.263 -9.299 -10.763 -11.535 -12.032 -12.358 -12.895 -13.267 
9.69697 -5.074 -7.200 -8.962 -10.550 -11.410 -11.883 -12.407 -12.812 -13.289 
9.89899 -4.846 -6.815 -8.919 -10.481 -11.334 -11.825 -12.377 -12.796 -13.094 
10.10101 -4.714 -6.832 -9.037 -10.374 -11.328 -11.791 -12.282 -12.739 -13.038 
10.30303 -4.553 -6.871 -8.780 -10.303 -11.346 -11.814 -12.228 -12.712 -13.084 
10.50505 -4.502 -6.660 -8.684 -10.281 -11.231 -11.621 -12.140 -12.619 -13.033 
10.70707 -4.324 -6.504 -8.714 -10.084 -11.147 -11.619 -12.047 -12.594 -12.943 
10.90909 -4.914 -6.257 -8.460 -10.012 -11.118 -11.544 -12.063 -12.516 -12.910 
11.11111 -4.084 -6.222 -8.364 -10.040 -11.075 -11.488 -12.071 -12.466 -12.810 
11.31313 -3.906 -5.947 -8.166 -9.880 -10.966 -11.527 -11.992 -12.453 -12.788 
11.51515 -3.725 -5.747 -8.172 -9.866 -10.901 -11.381 -11.937 -12.404 -12.739 
11.71717 -3.596 -5.877 -7.910 -9.792 -10.832 -11.347 -11.886 -12.317 -12.717 
11.91919 -3.487 -5.835 -8.007 -9.773 -10.833 -11.351 -11.855 -12.303 -12.675 
12.12121 -3.308 -5.544 -7.918 -9.709 -10.750 -11.215 -11.789 -12.267 -12.682 
12.32323 -3.139 -5.531 -7.783 -9.656 -10.766 -11.213 -11.690 -12.229 -12.580 
12.52525 -3.214 -5.583 -7.663 -9.517 -10.562 -11.188 -11.644 -12.262 -12.503 
12.72727 -2.806 -5.279 -7.535 -9.461 -10.636 -11.064 -11.727 -12.204 -12.522 
12.92929 -2.669 -5.211 -7.605 -9.480 -10.565 -11.031 -11.653 -12.134 -12.543 
13.13131 -2.513 -5.389 -7.595 -9.388 -10.467 -11.085 -11.613 -12.107 -12.482 
13.33333 -2.376 -5.159 -7.382 -9.180 -10.353 -10.979 -11.600 -12.018 -12.370 
13.53535 -2.261 -4.819 -7.357 -9.156 -10.354 -11.020 -11.534 -12.014 -12.353 
13.73737 -2.136 -4.947 -7.318 -9.146 -10.389 -10.971 -11.525 -12.011 -12.369 
13.93939 -2.005 -4.762 -7.318 -9.119 -10.328 -10.884 -11.499 -12.011 -12.312 
14.14141 -1.938 -4.631 -7.160 -9.160 -10.194 -10.871 -11.488 -11.926 -12.283 
14.34343 -1.813 -4.676 -7.024 -9.013 -10.214 -10.790 -11.438 -11.913 -12.319 
14.54545 -1.767 -4.880 -7.190 -8.914 -10.185 -10.749 -11.413 -11.911 -12.241 
14.74747 -1.597 -4.256 -6.858 -8.910 -10.139 -10.777 -11.371 -11.905 -12.300 
14.94949 -1.535 -4.123 -6.736 -8.813 -10.073 -10.721 -11.398 -11.863 -12.222 
15.15152 -1.451 -3.994 -6.679 -8.827 -10.108 -10.712 -11.365 -11.888 -12.241 
15.35354 -1.380 -4.091 -6.559 -8.760 -10.109 -10.742 -11.379 -11.839 -12.132 
15.55556 -1.292 -4.140 -6.415 -8.637 -9.966 -10.677 -11.275 -11.947 -12.292 
15.75758 -1.226 -6.106 -7.061 -8.681 -9.896 -10.647 -11.241 -11.838 -12.133 
15.95960 -1.138 -4.046 -6.308 -8.638 -10.013 -10.691 -11.227 -11.752 -12.093 
16.16162 -1.044 -3.570 -6.525 -8.663 -9.821 -10.536 -11.198 -11.692 -12.077 
16.36364 -0.941 -3.532 -6.236 -8.544 -9.797 -10.513 -11.209 -11.759 -12.062 
16.56566 -0.837 -3.353 -6.221 -8.470 -9.770 -10.416 -11.177 -11.683 -12.122 
16.76768 -0.727 -3.399 -6.305 -8.459 -9.711 -10.434 -11.112 -11.726 -12.078 
16.96970 -0.666 -3.236 -5.919 -8.341 -9.685 -10.393 -11.119 -11.704 -12.034 
17.17172 -0.524 -2.890 -5.825 -8.150 -9.572 -10.296 -11.087 -11.667 -12.049 
17.37374 -0.460 -3.266 -5.760 -8.139 -9.584 -10.379 -11.053 -11.613 -12.043 
17.57576 -0.367 -2.873 -5.738 -8.261 -9.603 -10.306 -11.036 -11.585 -11.962 
17.77778 -0.159 -2.690 -5.668 -8.128 -9.427 -10.209 -11.017 -11.634 -12.002 
17.97980 -0.019 -2.621 -5.759 -8.184 -9.394 -10.131 -10.963 -11.594 -11.978 
18.18182 0.045 -2.529 -5.482 -8.062 -9.396 -10.136 -10.945 -11.532 -11.918 
18.38384 0.228 -2.537 -5.683 -8.066 -9.360 -10.170 -10.899 -11.487 -11.871 
18.58586 0.326 -2.320 -5.705 -7.914 -9.425 -10.112 -10.901 -11.440 -11.858 
18.78788 0.438 -2.316 -5.758 -7.871 -9.267 -10.019 -10.918 -11.477 -11.835 
18.98990 0.604 -2.105 -5.293 -7.778 -9.227 -10.046 -10.826 -11.486 -11.814 
19.19192 0.705 -2.312 -5.185 -7.649 -9.208 -9.974 -10.775 -11.463 -11.784 
19.39394 0.926 -2.013 -5.168 -7.599 -9.157 -9.921 -10.751 -11.348 -11.733 
19.59596 1.072 -1.831 -5.806 -7.537 -9.045 -9.886 -10.720 -11.267 -11.636 
19.79798 1.106 -1.717 -5.040 -7.223 -8.990 -9.760 -10.595 -11.215 -11.542 
20.00000 1.142 -1.377 -4.368 -7.112 -8.815 -9.649 -10.525 -11.116 -11.499 
