# t[days] u g r i z y J H K
0.20202 -12.062 -12.932 -12.969 -12.755 -14.379 -12.510 -3.618 -12.072 nan 
0.40404 -12.599 -13.963 -14.351 -14.263 -13.709 -12.809 -13.267 -12.847 2.603 
0.60606 -12.728 -14.427 -14.437 -14.315 -14.606 -14.300 -12.819 -12.918 -13.274 
0.80808 -13.054 -13.692 -14.311 -14.498 -14.043 -13.992 -13.818 -12.878 -13.075 
1.01010 -12.302 -13.839 -14.891 -14.292 -14.407 -13.620 -13.511 -13.687 -13.376 
1.21212 -11.746 -14.065 -13.816 -14.224 -13.226 -13.912 -14.308 -13.064 -13.014 
1.41414 -12.062 -14.274 -14.574 -14.911 -15.058 -15.349 -15.123 -14.557 -14.783 
1.61616 -13.018 -14.635 -15.060 -15.504 -15.547 -15.586 -15.760 -15.271 -15.204 
1.81818 -13.115 -14.766 -15.155 -15.692 -15.854 -15.892 -15.930 -15.919 -15.435 
2.02020 -13.234 -14.580 -15.235 -15.695 -16.129 -16.165 -15.953 -15.955 -15.486 
2.22222 -12.696 -14.281 -15.084 -15.641 -16.033 -16.323 -16.032 -16.070 -16.062 
2.42424 -12.702 -14.123 -15.053 -15.521 -16.054 -16.347 -16.106 -15.655 -15.957 
2.62626 -12.487 -13.810 -14.879 -15.468 -16.048 -16.161 -15.990 -16.000 -15.870 
2.82828 -12.604 -13.703 -14.695 -15.327 -15.757 -16.054 -16.079 -16.029 -15.903 
3.03030 -12.218 -13.458 -14.412 -15.342 -15.708 -16.040 -15.924 -15.736 -15.827 
3.23232 -12.028 -13.308 -14.273 -14.980 -15.530 -15.800 -15.846 -15.641 -15.546 
3.43434 -12.155 -13.126 -14.238 -14.983 -15.702 -15.759 -15.741 -15.627 -15.595 
3.63636 -12.003 -13.049 -14.094 -14.814 -15.448 -15.659 -15.565 -15.389 -15.489 
3.83838 -12.249 -13.112 -14.039 -14.827 -15.350 -15.551 -15.480 -15.405 -15.556 
4.04040 -12.116 -12.964 -13.837 -14.615 -15.115 -15.462 -15.306 -15.257 -15.192 
4.24242 -11.486 -12.791 -13.748 -14.515 -15.094 -15.310 -15.250 -14.995 -15.029 
4.44444 -11.656 -12.968 -13.813 -14.579 -15.094 -15.337 -15.174 -15.074 -14.997 
4.64646 -11.311 -12.859 -13.711 -14.360 -14.944 -15.295 -15.011 -14.826 -14.985 
4.84848 -11.291 -12.456 -13.471 -14.456 -14.913 -15.168 -15.085 -14.883 -14.647 
5.05051 -10.953 -12.247 -13.425 -14.256 -14.755 -15.083 -14.942 -14.611 -14.545 
5.25253 -10.799 -12.360 -13.401 -14.062 -14.682 -14.915 -14.817 -14.605 -14.647 
5.45455 -10.538 -12.058 -13.156 -14.053 -14.589 -14.869 -14.761 -14.559 -14.562 
5.65657 -10.497 -12.038 -13.100 -13.903 -14.534 -14.763 -14.667 -14.646 -14.439 
5.85859 -10.478 -12.020 -13.288 -13.934 -14.531 -14.686 -14.664 -14.638 -14.381 
6.06061 -10.513 -11.949 -13.041 -13.835 -14.341 -14.664 -14.551 -14.467 -14.401 
6.26263 -10.067 -11.825 -12.882 -13.736 -14.385 -14.587 -14.528 -14.449 -14.132 
6.46465 -10.072 -11.713 -12.929 -13.725 -14.234 -14.507 -14.406 -14.265 -14.189 
6.66667 -9.645 -11.618 -12.779 -13.646 -14.240 -14.448 -14.496 -14.288 -14.049 
6.86869 -9.254 -11.267 -12.595 -13.473 -14.009 -14.281 -14.416 -14.193 -14.125 
7.07071 -9.152 -11.247 -12.594 -13.382 -14.036 -14.296 -14.289 -14.124 -13.961 
7.27273 -8.878 -10.944 -12.289 -13.347 -13.934 -14.200 -14.209 -14.059 -13.793 
7.47475 -8.843 -11.029 -12.239 -13.120 -13.818 -14.104 -14.028 -14.061 -13.738 
7.67677 -8.645 -10.732 -12.185 -13.138 -13.738 -14.118 -14.073 -14.051 -13.759 
7.87879 -8.588 -10.873 -12.148 -13.081 -13.621 -14.025 -14.094 -13.941 -13.747 
8.08081 -8.496 -10.780 -12.019 -12.998 -13.602 -13.996 -13.986 -13.987 -13.701 
8.28283 -8.280 -10.387 -11.888 -12.870 -13.584 -13.886 -13.967 -13.905 -13.639 
8.48485 -7.925 -10.301 -11.753 -12.820 -13.407 -13.718 -13.825 -13.911 -13.666 
8.68687 -8.024 -10.078 -11.725 -12.627 -13.507 -13.713 -13.732 -13.750 -13.539 
8.88889 -7.313 -9.962 -11.612 -12.588 -13.357 -13.650 -13.765 -13.759 -13.527 
9.09091 -7.162 -9.821 -11.459 -12.482 -13.269 -13.587 -13.723 -13.726 -13.410 
9.29293 -7.558 -9.741 -11.344 -12.421 -13.195 -13.438 -13.713 -13.628 -13.380 
9.49495 -7.106 -9.973 -11.321 -12.315 -13.045 -13.433 -13.622 -13.515 -13.475 
9.69697 -6.665 -9.471 -11.046 -12.369 -12.969 -13.295 -13.560 -13.472 -13.346 
9.89899 -6.292 -9.337 -10.975 -12.195 -12.863 -13.317 -13.569 -13.441 -13.280 
10.10101 -6.193 -8.862 -10.833 -12.050 -12.776 -13.151 -13.368 -13.423 -13.274 
10.30303 -6.284 -9.024 -10.723 -12.014 -12.678 -13.019 -13.343 -13.387 -13.223 
10.50505 -5.429 -8.925 -10.655 -11.795 -12.584 -13.044 -13.330 -13.369 -13.119 
10.70707 -5.330 -8.814 -10.694 -11.855 -12.636 -12.976 -13.284 -13.246 -13.176 
10.90909 -6.168 -8.791 -10.393 -11.723 -12.577 -12.939 -13.230 -13.246 -13.147 
11.11111 -5.187 -8.327 -10.412 -11.616 -12.431 -12.875 -13.102 -13.196 -13.082 
11.31313 -5.229 -8.356 -10.122 -11.557 -12.323 -12.777 -13.094 -13.228 -13.068 
11.51515 -4.956 -8.146 -10.106 -11.527 -12.214 -12.708 -13.046 -13.151 -13.018 
11.71717 -5.454 -7.860 -9.994 -11.339 -12.233 -12.596 -13.014 -13.072 -12.977 
11.91919 -4.872 -7.994 -9.773 -11.227 -12.112 -12.643 -12.959 -13.071 -13.012 
12.12121 -5.148 -7.630 -9.803 -11.200 -12.156 -12.545 -12.934 -12.999 -12.985 
12.32323 -4.292 -7.456 -9.690 -11.170 -12.006 -12.461 -12.827 -13.026 -13.008 
12.52525 -4.363 -7.423 -9.624 -11.014 -11.853 -12.372 -12.783 -12.989 -12.881 
12.72727 -4.103 -7.131 -9.480 -10.959 -11.859 -12.321 -12.777 -12.962 -12.832 
12.92929 -3.893 -7.100 -9.345 -10.919 -11.856 -12.382 -12.742 -12.865 -12.905 
13.13131 -3.518 -6.993 -9.191 -10.795 -11.758 -12.217 -12.670 -12.883 -12.846 
13.33333 -3.712 -6.968 -9.157 -10.699 -11.696 -12.138 -12.745 -12.816 -12.842 
13.53535 -4.022 -6.462 -9.101 -10.645 -11.589 -12.116 -12.669 -12.802 -12.854 
13.73737 -3.091 -6.568 -9.009 -10.509 -11.533 -12.125 -12.533 -12.783 -12.777 
13.93939 -3.070 -6.457 -8.958 -10.534 -11.461 -12.026 -12.549 -12.798 -12.806 
14.14141 -3.153 -6.354 -8.945 -10.502 -11.475 -12.059 -12.509 -12.737 -12.758 
14.34343 -3.373 -6.172 -8.613 -10.406 -11.344 -11.909 -12.482 -12.726 -12.710 
14.54545 -2.544 -6.070 -8.544 -10.357 -11.294 -11.892 -12.415 -12.689 -12.752 
14.74747 -2.707 -6.214 -8.574 -10.213 -11.286 -11.861 -12.386 -12.672 -12.751 
14.94949 -2.241 -5.701 -8.496 -10.303 -11.242 -11.814 -12.357 -12.674 -12.751 
15.15152 -2.100 -5.735 -8.369 -10.148 -11.108 -11.713 -12.327 -12.659 -12.674 
15.35354 -2.686 -5.627 -8.396 -10.215 -11.114 -11.681 -12.281 -12.593 -12.702 
15.55556 -1.828 -5.608 -8.147 -9.964 -11.082 -11.706 -12.276 -12.607 -12.765 
15.75758 -1.711 -5.464 -8.106 -10.402 -11.108 -11.700 -12.233 -12.603 -12.647 
15.95960 -1.593 -5.436 -7.937 -9.858 -11.011 -11.542 -12.213 -12.500 -12.651 
16.16162 -1.668 -5.167 -7.906 -9.777 -10.915 -11.619 -12.157 -12.545 -12.652 
16.36364 -2.037 -5.045 -7.762 -9.775 -10.873 -11.583 -12.166 -12.516 -12.640 
16.56566 -1.613 -5.154 -7.803 -9.800 -11.234 -11.481 -12.109 -12.541 -12.656 
16.76768 -1.244 -5.330 -7.852 -9.676 -10.790 -11.465 -12.090 -12.525 -12.597 
16.96970 -1.109 -4.713 -7.515 -9.557 -10.721 -11.361 -12.080 -12.452 -12.592 
17.17172 -1.779 -4.711 -7.540 -9.491 -10.728 -11.371 -12.062 -12.442 -12.600 
17.37374 -0.981 -4.598 -7.511 -9.432 -10.749 -11.394 -12.047 -12.542 -12.585 
17.57576 -1.047 -4.188 -7.276 -9.369 -10.635 -11.310 -12.004 -12.466 -12.582 
17.77778 -0.832 -4.282 -7.191 -9.339 -10.592 -11.245 -11.967 -12.393 -12.549 
17.97980 -0.740 -4.300 -7.098 -9.241 -10.524 -11.181 -11.926 -12.415 -12.561 
18.18182 -0.704 -3.846 -7.034 -9.239 -10.499 -11.151 -11.924 -12.372 -12.584 
18.38384 -0.643 -4.227 -7.044 -9.150 -10.403 -11.258 -11.895 -12.346 -12.550 
18.58586 -0.531 -3.949 -7.122 -9.129 -10.512 -11.118 -11.860 -12.318 -12.524 
18.78788 -0.492 -4.033 -7.032 -9.158 -10.342 -11.034 -11.832 -12.313 -12.475 
18.98990 -0.407 -3.792 -6.945 -9.011 -10.400 -11.035 -11.795 -12.269 -12.486 
19.19192 -0.393 -3.144 -6.820 -9.045 -10.278 -11.111 -11.784 -12.271 -12.485 
19.39394 -0.268 -3.552 -6.602 -8.860 -10.334 -10.907 -11.711 -12.233 -12.471 
19.59596 -0.133 -3.107 -6.446 -8.727 -10.125 -10.886 -11.795 -12.212 -12.448 
19.79798 -0.060 -3.215 -6.046 -8.678 -9.943 -10.815 -11.668 -12.095 -12.300 
20.00000 0.087 -2.831 -7.333 -8.355 -9.978 -10.726 -11.531 -12.010 -12.242 
