# t[days] u g r i z y J H K
0.20202 -11.129 -10.714 -10.533 -11.239 -12.378 -8.100 -11.058 -6.997 -9.514 
0.40404 -13.188 -14.120 -14.251 -13.928 -14.561 -13.837 -12.854 -13.864 -8.497 
0.60606 -14.198 -14.733 -14.933 -14.983 -14.692 -14.519 -13.987 -13.908 -13.488 
0.80808 -14.313 -15.062 -15.478 -15.532 -15.183 -14.902 -14.772 -14.222 -14.609 
1.01010 -13.769 -15.068 -15.514 -15.575 -15.326 -15.290 -15.343 -14.793 -13.789 
1.21212 -13.255 -14.872 -15.436 -15.572 -15.503 -15.545 -15.254 -15.101 -14.856 
1.41414 -12.805 -14.665 -15.258 -15.557 -15.618 -15.306 -15.408 -14.877 -14.885 
1.61616 -12.476 -14.204 -15.106 -15.341 -15.442 -15.351 -15.233 -15.172 -14.896 
1.81818 -12.074 -13.923 -14.877 -15.131 -15.403 -15.191 -15.304 -15.282 -14.643 
2.02020 -11.365 -13.458 -14.582 -14.924 -15.197 -14.993 -15.108 -15.003 -14.773 
2.22222 -11.115 -13.064 -14.264 -14.728 -14.898 -15.017 -14.999 -14.989 -14.653 
2.42424 -10.998 -12.635 -13.726 -14.406 -14.563 -14.768 -14.825 -14.747 -14.679 
2.62626 -10.586 -12.229 -13.385 -14.032 -14.458 -14.605 -14.648 -14.761 -14.738 
2.82828 -10.438 -11.799 -13.059 -13.837 -14.218 -14.345 -14.535 -14.681 -14.511 
3.03030 -10.156 -11.569 -12.815 -13.712 -14.084 -14.188 -14.400 -14.443 -14.584 
3.23232 -9.863 -11.172 -12.514 -13.400 -13.968 -14.085 -14.237 -14.477 -14.519 
3.43434 -9.691 -10.972 -12.231 -13.187 -13.803 -13.989 -14.237 -14.340 -14.328 
3.63636 -9.463 -10.617 -11.940 -12.921 -13.655 -13.935 -14.069 -14.340 -14.261 
3.83838 -9.313 -10.548 -11.728 -12.982 -13.454 -13.729 -13.994 -14.233 -14.163 
4.04040 -9.121 -10.330 -11.585 -12.561 -13.360 -13.720 -13.926 -14.075 -14.248 
4.24242 -8.909 -10.010 -11.457 -12.535 -13.223 -13.537 -13.828 -14.014 -14.116 
4.44444 -8.716 -9.833 -11.385 -12.386 -13.128 -13.560 -13.706 -14.026 -14.296 
4.64646 -8.549 -9.649 -11.084 -12.347 -13.106 -13.389 -13.604 -13.958 -14.030 
4.84848 -8.335 -9.583 -10.802 -12.081 -12.962 -13.398 -13.613 -13.992 -13.989 
5.05051 -8.160 -9.190 -10.656 -12.135 -12.920 -13.249 -13.536 -13.855 -14.017 
5.25253 -7.964 -9.034 -10.607 -11.935 -12.827 -13.202 -13.559 -13.751 -13.910 
5.45455 -7.787 -8.806 -10.327 -11.784 -12.857 -13.057 -13.413 -13.698 -13.870 
5.65657 -7.603 -8.789 -10.305 -11.689 -12.596 -12.995 -13.292 -13.680 -13.725 
5.85859 -7.416 -8.618 -10.072 -11.685 -12.572 -12.841 -13.273 -13.541 -13.729 
6.06061 -7.230 -8.450 -10.084 -11.583 -12.472 -12.868 -13.226 -13.457 -13.650 
6.26263 -7.042 -8.390 -9.908 -11.422 -12.439 -12.871 -13.016 -13.418 -13.638 
6.46465 -6.835 -8.254 -9.871 -11.388 -12.314 -12.810 -12.976 -13.351 -13.505 
6.66667 -6.657 -8.302 -9.895 -11.412 -12.314 -12.639 -13.009 -13.234 -13.453 
6.86869 -6.432 -7.926 -9.808 -11.259 -12.155 -12.573 -12.873 -13.149 -13.430 
7.07071 -6.258 -7.911 -9.665 -11.156 -12.145 -12.590 -12.841 -13.054 -13.383 
7.27273 -6.066 -7.698 -9.620 -11.072 -12.147 -12.416 -12.773 -12.980 -13.309 
7.47475 -5.858 -7.630 -9.532 -11.130 -11.984 -12.382 -12.706 -12.949 -13.256 
7.67677 -5.650 -7.340 -9.284 -10.870 -11.942 -12.366 -12.640 -12.892 -13.221 
7.87879 -5.540 -7.336 -9.197 -10.898 -11.868 -12.360 -12.585 -12.866 -13.146 
8.08081 -5.368 -7.133 -9.157 -10.780 -11.800 -12.167 -12.498 -12.807 -13.016 
8.28283 -5.185 -7.127 -9.066 -10.780 -11.738 -12.095 -12.447 -12.739 -12.969 
8.48485 -5.024 -6.872 -8.970 -10.635 -11.682 -12.069 -12.310 -12.597 -12.952 
8.68687 -4.883 -6.752 -8.932 -10.506 -11.568 -12.010 -12.310 -12.582 -12.852 
8.88889 -4.847 -6.745 -8.825 -10.545 -11.487 -11.973 -12.246 -12.574 -12.879 
9.09091 -4.568 -6.508 -8.737 -10.439 -11.398 -11.886 -12.257 -12.524 -12.814 
9.29293 -4.420 -6.342 -8.656 -10.392 -11.438 -11.868 -12.171 -12.441 -12.759 
9.49495 -4.182 -6.433 -8.609 -10.370 -11.285 -11.759 -12.143 -12.449 -12.642 
9.69697 -4.127 -6.307 -8.486 -10.351 -11.297 -11.743 -12.100 -12.362 -12.621 
9.89899 -4.004 -6.000 -8.460 -10.169 -11.219 -11.711 -12.062 -12.290 -12.552 
10.10101 -3.707 -5.895 -8.290 -10.172 -11.180 -11.674 -11.976 -12.267 -12.550 
10.30303 -3.505 -5.812 -8.302 -10.096 -11.050 -11.596 -11.948 -12.268 -12.444 
10.50505 -3.349 -5.783 -8.253 -9.963 -11.066 -11.524 -11.921 -12.205 -12.436 
10.70707 -3.255 -5.751 -8.089 -9.934 -10.963 -11.455 -11.844 -12.193 -12.382 
10.90909 -3.021 -5.646 -7.997 -9.867 -10.944 -11.442 -11.895 -12.188 -12.393 
11.11111 -2.834 -5.517 -8.078 -9.756 -10.891 -11.426 -11.773 -12.177 -12.329 
11.31313 -2.706 -5.607 -7.947 -9.815 -10.865 -11.384 -11.787 -12.109 -12.289 
11.51515 -2.696 -5.193 -7.861 -9.631 -10.798 -11.383 -11.788 -12.093 -12.285 
11.71717 -2.517 -4.981 -7.684 -9.654 -10.789 -11.322 -11.738 -12.033 -12.323 
11.91919 -2.355 -5.118 -7.671 -9.492 -10.775 -11.262 -11.719 -12.047 -12.297 
12.12121 -2.280 -5.049 -7.542 -9.538 -10.732 -11.232 -11.705 -12.007 -12.223 
12.32323 -2.138 -4.911 -7.581 -9.461 -10.652 -11.204 -11.621 -11.989 -12.182 
12.52525 -2.011 -4.718 -7.462 -9.475 -10.695 -11.135 -11.699 -12.005 -12.199 
12.72727 -1.929 -4.487 -7.491 -9.319 -10.533 -11.173 -11.629 -11.987 -12.213 
12.92929 -1.850 -4.629 -7.367 -9.286 -10.463 -11.057 -11.598 -11.924 -12.227 
13.13131 -1.766 -4.628 -7.233 -9.267 -10.514 -11.030 -11.577 -11.900 -12.128 
13.33333 -1.645 -4.490 -7.229 -9.264 -10.455 -11.014 -11.574 -11.915 -12.115 
13.53535 -1.591 -4.328 -7.218 -9.389 -10.389 -11.039 -11.542 -11.891 -12.090 
13.73737 -1.458 -4.020 -7.054 -9.198 -10.322 -10.926 -11.513 -11.862 -12.062 
13.93939 -1.310 -3.995 -6.960 -9.102 -10.356 -10.972 -11.474 -11.858 -12.115 
14.14141 -1.242 -4.154 -6.910 -9.064 -10.314 -10.902 -11.437 -11.841 -12.082 
14.34343 -1.091 -4.083 -6.704 -8.909 -10.152 -10.825 -11.391 -11.782 -12.007 
14.54545 -0.945 -3.928 -6.716 -9.100 -10.145 -10.799 -11.337 -11.811 -12.083 
14.74747 -0.833 -3.521 -6.752 -8.834 -10.197 -10.829 -11.309 -11.734 -12.001 
14.94949 -0.613 -3.422 -6.753 -8.826 -10.063 -10.697 -11.311 -11.755 -11.999 
15.15152 -0.570 -3.795 -6.453 -8.732 -10.061 -10.724 -11.343 -11.757 -11.959 
15.35354 -0.304 -3.401 -6.371 -8.686 -9.941 -10.640 -11.254 -11.706 -11.957 
15.55556 -0.190 -3.736 -6.471 -8.593 -9.872 -10.588 -11.198 -11.627 -11.896 
15.75758 -0.011 -3.251 -6.324 -8.516 -9.827 -10.562 -11.229 -11.645 -11.880 
15.95960 0.143 -3.123 -6.203 -8.496 -9.847 -10.572 -11.207 -11.609 -11.869 
16.16162 0.261 -3.125 -6.075 -8.467 -9.823 -10.384 -11.096 -11.572 -11.867 
16.36364 0.350 -2.694 -6.131 -8.432 -9.684 -10.361 -11.062 -11.555 -11.834 
16.56566 0.501 -2.742 -6.073 -8.221 -9.701 -10.352 -11.092 -11.563 -11.832 
16.76768 0.722 -2.437 -5.852 -8.355 -9.672 -10.301 -11.067 -11.518 -11.781 
16.96970 0.779 -2.650 -5.803 -8.206 -9.545 -10.237 -10.990 -11.478 -11.779 
17.17172 0.942 -2.247 -5.678 -8.202 -9.475 -10.195 -10.925 -11.424 -11.766 
17.37374 1.027 -2.475 -5.596 -8.203 -9.496 -10.152 -10.915 -11.438 -11.727 
17.57576 1.260 -2.364 -5.421 -8.067 -9.414 -10.186 -10.883 -11.430 -11.679 
17.77778 1.255 -2.452 -5.502 -7.959 -9.391 -10.090 -10.812 -11.447 -11.694 
17.97980 1.397 -1.762 -5.382 -7.867 -9.281 -9.957 -10.793 -11.358 -11.691 
18.18182 1.528 -1.554 -5.175 -7.888 -9.198 -9.935 -10.702 -11.330 -11.661 
18.38384 1.796 -1.944 -5.290 -7.722 -9.260 -9.905 -10.692 -11.380 -11.682 
18.58586 1.885 -1.512 -5.331 -7.714 -9.074 -9.886 -10.626 -11.249 -11.572 
18.78788 2.000 -1.981 -5.112 -7.560 -9.106 -9.796 -10.620 -11.185 -11.492 
18.98990 2.082 -0.950 -5.204 -7.519 -8.994 -9.802 -10.572 -11.169 -11.498 
19.19192 2.199 -0.765 -4.906 -7.495 -8.969 -9.705 -10.510 -11.170 -11.464 
19.39394 2.469 -1.122 -4.775 -7.488 -8.884 -9.635 -10.469 -11.108 -11.434 
19.59596 2.637 -1.082 -4.546 -7.275 -8.755 -9.593 -10.364 -11.006 -11.417 
19.79798 2.644 -0.945 -4.761 -7.265 -8.662 -9.458 -10.303 -10.892 -11.308 
20.00000 2.783 -0.350 -4.256 -6.907 -8.527 -9.346 -10.147 -10.830 -11.239 
