# t[days] u g r i z y J H K
0.20202 -10.748 -11.372 -9.293 -8.359 -10.346 -12.624 -11.481 -4.852 -8.547 
0.40404 -13.249 -14.364 -14.503 -14.540 -13.729 -13.147 -12.586 -13.521 -11.502 
0.60606 -14.152 -15.192 -15.602 -15.325 -15.153 -14.873 -14.366 -14.715 -14.610 
0.80808 -14.344 -15.349 -15.826 -15.827 -15.636 -15.324 -15.391 -15.003 -14.403 
1.01010 -14.284 -15.592 -15.648 -15.511 -15.148 -15.670 -15.195 -15.044 -15.076 
1.21212 -13.929 -15.342 -15.940 -15.838 -15.716 -15.729 -15.236 -15.187 -14.759 
1.41414 -13.757 -15.208 -15.622 -15.934 -15.986 -15.532 -15.603 -15.526 -15.150 
1.61616 -13.138 -15.093 -15.794 -15.921 -16.112 -15.806 -15.823 -15.685 -15.385 
1.81818 -12.873 -15.085 -15.640 -15.738 -15.864 -16.170 -15.763 -15.719 -15.621 
2.02020 -12.846 -14.864 -15.492 -15.770 -15.864 -15.982 -16.005 -15.765 -15.660 
2.22222 -12.616 -14.598 -15.404 -15.755 -15.818 -15.908 -15.957 -15.990 -15.889 
2.42424 -12.244 -14.489 -15.088 -15.420 -15.747 -15.944 -15.953 -15.972 -15.709 
2.62626 -11.952 -14.089 -14.999 -15.251 -15.658 -15.774 -15.801 -15.733 -15.688 
2.82828 -11.905 -13.961 -14.586 -15.212 -15.595 -15.732 -15.824 -15.900 -15.765 
3.03030 -11.905 -13.641 -14.284 -14.966 -15.310 -15.601 -15.588 -15.602 -15.731 
3.23232 -11.685 -13.508 -14.246 -14.832 -15.326 -15.695 -15.452 -15.562 -15.541 
3.43434 -11.594 -13.132 -13.875 -14.631 -15.140 -15.371 -15.446 -15.454 -15.462 
3.63636 -11.272 -12.969 -13.813 -14.605 -15.079 -15.199 -15.324 -15.418 -15.200 
3.83838 -11.054 -12.535 -13.613 -14.528 -14.979 -15.192 -15.224 -15.262 -15.244 
4.04040 -10.854 -12.456 -13.505 -14.187 -14.878 -15.007 -15.084 -15.170 -15.233 
4.24242 -10.940 -12.292 -13.321 -14.153 -14.742 -15.068 -15.023 -15.088 -15.210 
4.44444 -10.713 -12.155 -13.130 -14.072 -14.725 -14.957 -14.963 -15.041 -15.095 
4.64646 -10.152 -11.693 -12.938 -13.986 -14.511 -14.928 -14.921 -15.068 -15.098 
4.84848 -10.329 -11.710 -12.946 -13.871 -14.561 -14.881 -14.883 -14.854 -14.993 
5.05051 -9.915 -11.664 -12.702 -13.738 -14.496 -14.715 -14.716 -14.669 -14.941 
5.25253 -10.114 -11.582 -12.805 -13.690 -14.268 -14.582 -14.706 -14.798 -14.566 
5.45455 -9.659 -11.083 -12.600 -13.527 -14.171 -14.524 -14.503 -14.643 -14.697 
5.65657 -9.526 -11.303 -12.463 -13.538 -14.135 -14.444 -14.528 -14.538 -14.657 
5.85859 -9.475 -11.034 -12.397 -13.468 -14.045 -14.329 -14.484 -14.337 -14.502 
6.06061 -9.516 -11.257 -12.406 -13.236 -13.965 -14.325 -14.296 -14.435 -14.441 
6.26263 -9.000 -10.952 -12.108 -13.199 -13.801 -14.221 -14.289 -14.358 -14.486 
6.46465 -9.075 -10.697 -12.067 -13.129 -13.872 -14.111 -14.229 -14.286 -14.318 
6.66667 -9.148 -10.915 -12.028 -12.901 -13.652 -14.003 -14.171 -14.175 -14.282 
6.86869 -8.538 -10.414 -11.862 -12.951 -13.644 -13.966 -14.043 -14.136 -14.186 
7.07071 -8.324 -10.477 -11.918 -12.879 -13.597 -13.956 -13.977 -14.071 -14.016 
7.27273 -9.159 -10.549 -11.855 -12.743 -13.543 -13.850 -14.008 -13.964 -14.077 
7.47475 -8.211 -10.537 -11.764 -12.677 -13.392 -13.765 -13.862 -14.036 -14.001 
7.67677 -7.888 -10.192 -11.629 -12.723 -13.344 -13.737 -13.870 -13.926 -13.830 
7.87879 -7.754 -9.950 -11.481 -12.469 -13.402 -13.818 -13.826 -13.901 -13.915 
8.08081 -7.652 -9.822 -11.315 -12.499 -13.328 -13.672 -13.754 -13.778 -13.855 
8.28283 -7.488 -9.940 -11.311 -12.503 -13.107 -13.592 -13.722 -13.769 -13.782 
8.48485 -7.319 -9.748 -11.316 -12.543 -13.080 -13.508 -13.699 -13.606 -13.732 
8.68687 -7.350 -9.412 -11.181 -12.302 -13.045 -13.428 -13.518 -13.614 -13.646 
8.88889 -6.820 -9.398 -11.072 -12.227 -13.069 -13.363 -13.540 -13.610 -13.594 
9.09091 -6.815 -9.379 -10.957 -12.176 -12.899 -13.385 -13.446 -13.497 -13.552 
9.29293 -6.712 -9.111 -10.824 -12.001 -12.785 -13.154 -13.430 -13.467 -13.521 
9.49495 -6.424 -9.008 -10.651 -11.924 -12.758 -13.169 -13.392 -13.461 -13.393 
9.69697 -6.069 -8.703 -10.596 -11.884 -12.698 -13.081 -13.268 -13.359 -13.451 
9.89899 -5.900 -8.519 -10.543 -11.875 -12.592 -13.023 -13.273 -13.375 -13.367 
10.10101 -6.280 -8.627 -10.502 -11.697 -12.586 -12.978 -13.250 -13.198 -13.251 
10.30303 -6.413 -8.351 -10.381 -11.580 -12.548 -12.922 -13.148 -13.300 -13.349 
10.50505 -5.652 -8.305 -10.333 -11.620 -12.426 -12.827 -13.100 -13.317 -13.272 
10.70707 -5.609 -8.048 -10.079 -11.602 -12.343 -12.853 -13.124 -13.183 -13.273 
10.90909 -5.764 -8.126 -10.101 -11.419 -12.275 -12.701 -13.032 -13.152 -13.100 
11.11111 -4.977 -8.096 -10.014 -11.388 -12.272 -12.695 -12.980 -13.103 -13.161 
11.31313 -4.953 -8.149 -9.990 -11.296 -12.180 -12.606 -12.906 -13.068 -13.014 
11.51515 -4.603 -7.693 -9.679 -11.153 -12.064 -12.499 -12.803 -13.028 -13.014 
11.71717 -4.908 -7.470 -9.542 -11.179 -12.041 -12.496 -12.820 -13.001 -12.962 
11.91919 -4.854 -7.517 -9.499 -11.113 -12.038 -12.407 -12.750 -12.976 -12.953 
12.12121 -4.315 -6.966 -9.369 -10.918 -11.889 -12.311 -12.738 -12.853 -12.998 
12.32323 -4.012 -7.140 -9.363 -10.966 -11.843 -12.258 -12.695 -12.869 -12.867 
12.52525 -4.087 -7.036 -9.278 -10.844 -11.765 -12.233 -12.629 -12.896 -12.819 
12.72727 -3.919 -6.826 -9.276 -10.676 -11.732 -12.187 -12.580 -12.798 -12.873 
12.92929 -3.677 -6.685 -9.208 -10.701 -11.601 -12.130 -12.498 -12.949 -12.783 
13.13131 -3.520 -6.665 -9.019 -10.630 -11.590 -12.091 -12.523 -12.776 -12.736 
13.33333 -3.424 -6.458 -8.958 -10.545 -11.519 -12.097 -12.405 -12.697 -12.719 
13.53535 -3.483 -6.464 -8.836 -10.438 -11.386 -11.933 -12.471 -12.722 -12.782 
13.73737 -3.098 -6.449 -8.670 -10.369 -11.383 -11.910 -12.415 -12.645 -12.747 
13.93939 -3.003 -6.132 -8.619 -10.290 -11.415 -11.895 -12.353 -12.621 -12.669 
14.14141 -2.892 -6.088 -8.524 -10.175 -11.304 -11.833 -12.350 -12.631 -12.694 
14.34343 -2.695 -6.017 -8.424 -10.207 -11.237 -11.817 -12.329 -12.532 -12.642 
14.54545 -2.647 -5.757 -8.305 -10.131 -11.186 -11.802 -12.314 -12.547 -12.650 
14.74747 -2.400 -5.944 -8.098 -10.009 -11.141 -11.722 -12.221 -12.561 -12.609 
14.94949 -2.216 -5.831 -8.217 -10.024 -11.097 -11.705 -12.160 -12.528 -12.614 
15.15152 -2.070 -5.434 -8.169 -9.864 -11.065 -11.676 -12.211 -12.498 -12.619 
15.35354 -1.960 -5.408 -8.046 -9.900 -10.995 -11.632 -12.170 -12.525 -12.604 
15.55556 -1.850 -5.755 -7.998 -9.850 -10.933 -11.502 -12.186 -12.455 -12.539 
15.75758 -1.726 -5.246 -7.916 -9.802 -10.919 -11.524 -12.148 -12.494 -12.509 
15.95960 -1.593 -5.157 -7.786 -9.616 -10.849 -11.553 -12.121 -12.461 -12.520 
16.16162 -1.669 -4.683 -7.817 -9.620 -10.801 -11.369 -12.020 -12.437 -12.572 
16.36364 -1.588 -4.956 -7.568 -9.571 -10.731 -11.425 -12.044 -12.406 -12.536 
16.56566 -1.325 -4.619 -7.632 -9.497 -10.747 -11.401 -11.984 -12.366 -12.626 
16.76768 -1.586 -4.552 -7.433 -9.446 -10.663 -11.333 -12.016 -12.337 -12.497 
16.96970 -1.126 -4.651 -7.466 -9.403 -10.639 -11.314 -11.932 -12.360 -12.564 
17.17172 -1.080 -4.380 -7.233 -9.285 -10.558 -11.230 -11.924 -12.359 -12.482 
17.37374 -1.008 -4.002 -7.102 -9.248 -10.517 -11.213 -11.883 -12.388 -12.501 
17.57576 -0.938 -4.447 -7.134 -9.438 -10.524 -11.151 -11.871 -12.283 -12.473 
17.77778 -0.814 -4.689 -7.009 -9.141 -10.417 -11.105 -11.829 -12.336 -12.446 
17.97980 -0.763 -3.815 -7.019 -9.080 -10.427 -11.039 -11.820 -12.282 -12.467 
18.18182 -0.663 -4.078 -6.887 -9.064 -10.338 -11.073 -11.761 -12.274 -12.460 
18.38384 -0.640 -3.864 -6.894 -8.869 -10.335 -10.966 -11.773 -12.228 -12.403 
18.58586 -0.523 -3.621 -6.774 -8.966 -10.207 -10.895 -11.749 -12.203 -12.396 
18.78788 -0.484 -3.518 -6.946 -8.837 -10.224 -10.939 -11.670 -12.177 -12.387 
18.98990 -0.354 -3.261 -6.629 -8.891 -10.282 -10.932 -11.648 -12.199 -12.390 
19.19192 -0.375 -3.264 -6.599 -8.783 -10.100 -10.910 -11.671 -12.125 -12.404 
19.39394 -0.190 -3.248 -6.329 -9.032 -9.985 -10.943 -11.586 -12.113 -12.282 
19.59596 -0.112 -3.059 -6.195 -8.618 -9.966 -10.835 -11.511 -12.012 -12.285 
19.79798 -0.065 -3.059 -5.900 -8.470 -9.952 -10.713 -11.452 -12.006 -12.270 
20.00000 0.002 -3.033 -6.084 -8.383 -9.785 -10.532 -11.415 -11.939 -12.158 
