# t[days] u g r i z y J H K
0.20202 -12.021 -12.459 -13.476 -13.436 -10.531 -11.108 -8.279 -8.190 -8.495 
0.40404 -14.025 -14.601 -14.797 -14.510 -13.880 -14.236 -14.264 -11.880 -11.503 
0.60606 -14.442 -15.221 -15.593 -15.715 -15.231 -14.976 -14.762 -13.422 -13.342 
0.80808 -14.529 -15.822 -15.971 -16.056 -15.758 -15.437 -15.038 -14.353 -14.423 
1.01010 -14.353 -15.736 -16.077 -16.007 -15.924 -15.597 -15.474 -15.238 -14.556 
1.21212 -14.046 -15.566 -16.096 -16.061 -15.970 -15.883 -16.031 -15.286 -15.459 
1.41414 -14.019 -15.768 -15.986 -16.132 -16.133 -16.202 -15.908 -15.597 -15.879 
1.61616 -13.861 -15.551 -16.016 -16.102 -16.255 -16.289 -16.135 -16.115 -15.613 
1.81818 -13.437 -15.338 -15.800 -16.074 -16.076 -16.358 -16.174 -16.044 -15.599 
2.02020 -13.220 -15.091 -15.675 -15.898 -16.117 -16.087 -16.089 -15.982 -15.865 
2.22222 -12.948 -14.855 -15.453 -15.702 -16.124 -16.204 -16.086 -15.909 -15.797 
2.42424 -12.647 -14.551 -14.992 -15.514 -15.857 -15.870 -15.903 -15.867 -15.845 
2.62626 -12.157 -14.229 -14.834 -15.290 -15.679 -15.833 -15.849 -15.785 -15.809 
2.82828 -12.016 -13.944 -14.763 -15.304 -15.681 -15.727 -15.833 -15.693 -15.657 
3.03030 -11.709 -13.574 -14.397 -15.046 -15.553 -15.681 -15.691 -15.624 -15.694 
3.23232 -11.781 -13.522 -14.434 -14.987 -15.428 -15.597 -15.629 -15.551 -15.394 
3.43434 -11.640 -13.225 -14.094 -14.789 -15.321 -15.605 -15.448 -15.524 -15.424 
3.63636 -11.348 -12.999 -13.849 -14.618 -15.051 -15.365 -15.406 -15.365 -15.350 
3.83838 -10.912 -12.693 -13.886 -14.461 -14.932 -15.242 -15.291 -15.307 -15.098 
4.04040 -10.970 -12.604 -13.798 -14.451 -14.959 -15.172 -15.179 -15.270 -15.159 
4.24242 -10.667 -12.571 -13.521 -14.284 -14.887 -15.056 -15.098 -15.198 -15.005 
4.44444 -10.542 -12.286 -13.309 -14.114 -14.655 -14.956 -14.963 -14.951 -14.968 
4.64646 -10.420 -12.199 -13.236 -13.970 -14.549 -14.737 -14.907 -14.946 -14.828 
4.84848 -10.203 -11.849 -13.063 -13.737 -14.446 -14.731 -14.880 -14.690 -14.803 
5.05051 -9.948 -11.656 -13.029 -13.743 -14.399 -14.719 -14.727 -14.867 -14.744 
5.25253 -10.052 -11.676 -12.797 -13.627 -14.304 -14.552 -14.694 -14.669 -14.699 
5.45455 -9.713 -11.638 -12.684 -13.588 -14.110 -14.447 -14.559 -14.595 -14.620 
5.65657 -9.174 -11.332 -12.560 -13.428 -14.119 -14.353 -14.435 -14.546 -14.663 
5.85859 -9.063 -11.125 -12.515 -13.302 -13.923 -14.228 -14.449 -14.490 -14.425 
6.06061 -9.376 -11.262 -12.505 -13.311 -13.896 -14.253 -14.329 -14.300 -14.277 
6.26263 -8.903 -11.034 -12.424 -13.213 -13.917 -14.065 -14.233 -14.200 -14.300 
6.46465 -8.781 -11.019 -12.345 -13.177 -13.766 -14.031 -14.161 -14.187 -14.296 
6.66667 -8.743 -10.894 -12.179 -13.049 -13.716 -13.983 -14.045 -14.203 -14.175 
6.86869 -8.418 -10.509 -12.057 -13.051 -13.591 -13.927 -14.112 -14.158 -14.186 
7.07071 -8.008 -10.462 -11.888 -12.946 -13.612 -13.798 -13.964 -14.055 -13.941 
7.27273 -8.220 -10.254 -11.822 -12.765 -13.429 -13.772 -13.819 -14.002 -13.879 
7.47475 -7.784 -10.139 -11.698 -12.669 -13.341 -13.667 -13.750 -13.874 -13.951 
7.67677 -7.630 -10.074 -11.565 -12.603 -13.233 -13.657 -13.749 -13.731 -13.902 
7.87879 -7.221 -9.877 -11.355 -12.477 -13.192 -13.580 -13.655 -13.806 -13.732 
8.08081 -7.488 -9.673 -11.301 -12.308 -13.062 -13.345 -13.617 -13.695 -13.681 
8.28283 -6.939 -9.521 -11.254 -12.330 -13.106 -13.462 -13.578 -13.591 -13.705 
8.48485 -6.845 -9.642 -11.237 -12.205 -13.006 -13.320 -13.536 -13.492 -13.635 
8.68687 -6.462 -9.267 -11.012 -12.138 -12.864 -13.308 -13.397 -13.465 -13.644 
8.88889 -6.646 -9.280 -10.947 -12.138 -12.740 -13.138 -13.329 -13.437 -13.470 
9.09091 -6.144 -9.001 -10.713 -12.019 -12.785 -13.065 -13.266 -13.358 -13.399 
9.29293 -6.043 -8.851 -10.847 -11.879 -12.687 -12.989 -13.253 -13.292 -13.343 
9.49495 -5.964 -8.607 -10.475 -11.803 -12.546 -12.994 -13.195 -13.250 -13.274 
9.69697 -5.815 -8.715 -10.290 -11.740 -12.431 -12.882 -13.108 -13.166 -13.332 
9.89899 -5.300 -8.644 -10.307 -11.663 -12.437 -12.806 -13.039 -13.076 -13.163 
10.10101 -5.334 -8.294 -10.245 -11.571 -12.342 -12.727 -12.988 -13.112 -13.082 
10.30303 -4.986 -8.101 -10.086 -11.537 -12.234 -12.646 -12.982 -13.109 -13.093 
10.50505 -5.403 -7.878 -10.041 -11.396 -12.196 -12.650 -12.877 -13.073 -12.960 
10.70707 -4.553 -7.776 -9.932 -11.216 -12.061 -12.515 -12.900 -13.010 -13.065 
10.90909 -4.466 -7.446 -9.746 -11.261 -12.039 -12.548 -12.782 -13.010 -13.117 
11.11111 -4.279 -7.576 -9.735 -11.080 -12.019 -12.449 -12.768 -12.963 -12.868 
11.31313 -4.437 -7.703 -9.550 -11.134 -12.027 -12.445 -12.696 -12.854 -12.877 
11.51515 -4.306 -7.116 -9.482 -11.023 -11.825 -12.338 -12.648 -12.892 -12.911 
11.71717 -3.800 -7.147 -9.453 -10.945 -11.806 -12.251 -12.671 -12.789 -12.938 
11.91919 -4.331 -7.190 -9.282 -10.849 -11.822 -12.231 -12.623 -12.757 -12.842 
12.12121 -3.494 -7.015 -9.126 -10.703 -11.712 -12.139 -12.591 -12.771 -12.857 
12.32323 -3.332 -6.798 -9.121 -10.692 -11.598 -12.118 -12.520 -12.742 -12.747 
12.52525 -3.113 -6.601 -9.035 -10.584 -11.641 -12.062 -12.494 -12.680 -12.786 
12.72727 -2.949 -6.562 -8.840 -10.521 -11.511 -12.007 -12.455 -12.695 -12.721 
12.92929 -3.245 -6.312 -8.787 -10.456 -11.493 -11.983 -12.401 -12.626 -12.718 
13.13131 -2.528 -6.416 -8.623 -10.388 -11.420 -11.939 -12.354 -12.659 -12.690 
13.33333 -2.455 -6.358 -8.641 -10.358 -11.364 -11.872 -12.348 -12.600 -12.711 
13.53535 -2.446 -6.264 -8.586 -10.298 -11.336 -11.849 -12.336 -12.632 -12.617 
13.73737 -2.130 -5.833 -8.510 -10.205 -11.225 -11.782 -12.300 -12.560 -12.635 
13.93939 -2.606 -5.625 -8.398 -10.134 -11.221 -11.745 -12.283 -12.525 -12.644 
14.14141 -2.299 -5.654 -8.319 -10.057 -11.077 -11.670 -12.283 -12.583 -12.579 
14.34343 -2.703 -5.563 -8.129 -9.981 -11.117 -11.665 -12.218 -12.492 -12.658 
14.54545 -1.856 -4.994 -8.151 -9.950 -10.990 -11.585 -12.175 -12.519 -12.593 
14.74747 -1.622 -5.217 -7.976 -9.849 -11.028 -11.592 -12.158 -12.488 -12.571 
14.94949 -1.533 -4.923 -7.795 -9.799 -10.925 -11.494 -12.112 -12.436 -12.597 
15.15152 -1.424 -4.696 -7.805 -9.749 -10.945 -11.478 -12.137 -12.459 -12.569 
15.35354 -1.332 -4.856 -7.765 -9.717 -10.800 -11.477 -12.046 -12.426 -12.545 
15.55556 -1.887 -5.017 -7.950 -9.698 -10.757 -11.436 -11.997 -12.421 -12.529 
15.75758 -1.239 -4.436 -7.565 -9.527 -10.741 -11.390 -12.008 -12.386 -12.459 
15.95960 -1.622 -4.473 -7.594 -9.537 -10.664 -11.337 -11.975 -12.384 -12.501 
16.16162 -1.161 -4.422 -7.485 -9.419 -10.730 -11.344 -11.947 -12.342 -12.479 
16.36364 -0.955 -4.567 -7.311 -9.412 -10.619 -11.244 -11.932 -12.311 -12.470 
16.56566 -0.854 -4.086 -7.242 -9.296 -10.621 -11.197 -11.940 -12.316 -12.463 
16.76768 -0.705 -4.386 -7.167 -9.281 -10.552 -11.209 -11.846 -12.255 -12.470 
16.96970 -0.628 -4.065 -7.151 -9.301 -10.444 -11.197 -11.815 -12.293 -12.437 
17.17172 -0.463 -3.865 -7.017 -9.192 -10.403 -11.100 -11.763 -12.206 -12.413 
17.37374 -0.454 -3.529 -6.978 -9.093 -10.415 -11.069 -11.755 -12.255 -12.406 
17.57576 -0.295 -3.624 -6.784 -9.089 -10.319 -11.093 -11.763 -12.182 -12.390 
17.77778 -0.209 -3.714 -6.915 -8.990 -10.233 -10.976 -11.698 -12.188 -12.380 
17.97980 -0.038 -3.949 -6.715 -8.930 -10.217 -11.001 -11.719 -12.198 -12.365 
18.18182 0.052 -3.562 -6.602 -8.807 -10.198 -10.959 -11.632 -12.146 -12.373 
18.38384 0.242 -2.898 -6.541 -8.870 -10.108 -10.827 -11.636 -12.150 -12.328 
18.58586 0.368 -3.494 -6.618 -8.664 -10.055 -10.791 -11.606 -12.089 -12.268 
18.78788 0.510 -3.445 -6.335 -8.727 -10.031 -10.729 -11.529 -12.009 -12.305 
18.98990 0.665 -3.437 -6.249 -8.697 -10.010 -10.699 -11.614 -12.016 -12.279 
19.19192 0.666 -3.181 -6.050 -8.672 -9.976 -10.646 -11.442 -11.976 -12.189 
19.39394 0.872 -2.650 -5.977 -8.459 -9.854 -10.616 -11.382 -11.935 -12.201 
19.59596 0.890 -2.281 -6.062 -8.286 -9.829 -10.538 -11.375 -11.867 -12.129 
19.79798 1.097 -2.150 -5.680 -8.455 -9.646 -10.447 -11.244 -11.802 -12.028 
20.00000 1.289 -2.199 -5.558 -8.281 -9.549 -10.397 -11.158 -11.778 -11.956 
