# t[days] u g r i z y J H K
0.20202 -11.047 -11.910 -11.876 -10.591 -7.969 -7.912 -6.209 -4.897 -10.882 
0.40404 -14.600 -14.827 -15.413 -15.129 -15.029 -14.693 -12.248 -11.913 -8.566 
0.60606 -15.082 -15.946 -16.268 -16.042 -15.438 -15.371 -14.744 -15.262 -13.918 
0.80808 -15.096 -16.235 -16.783 -16.467 -16.225 -15.887 -15.372 -15.643 -15.036 
1.01010 -15.271 -16.274 -16.720 -16.537 -16.554 -16.384 -16.155 -15.639 -14.670 
1.21212 -15.344 -16.438 -16.753 -16.716 -16.574 -16.486 -16.306 -16.283 -16.074 
1.41414 -14.854 -16.363 -16.748 -16.821 -16.678 -16.700 -16.463 -16.371 -15.834 
1.61616 -14.632 -16.302 -16.703 -16.639 -16.953 -16.928 -16.804 -16.536 -16.097 
1.81818 -14.165 -16.164 -16.708 -16.733 -16.898 -16.867 -16.834 -16.488 -16.541 
2.02020 -13.849 -15.984 -16.513 -16.685 -16.809 -16.816 -16.778 -16.585 -16.572 
2.22222 -13.506 -15.757 -16.426 -16.716 -16.855 -16.895 -16.957 -16.831 -16.567 
2.42424 -13.197 -15.602 -16.127 -16.582 -16.819 -16.776 -16.717 -16.773 -16.631 
2.62626 -12.892 -15.337 -15.999 -16.341 -16.625 -16.703 -16.741 -16.735 -16.435 
2.82828 -12.697 -15.004 -15.764 -16.151 -16.528 -16.602 -16.619 -16.497 -16.362 
3.03030 -12.442 -14.708 -15.548 -16.052 -16.317 -16.624 -16.556 -16.517 -16.398 
3.23232 -12.081 -14.496 -15.318 -15.814 -16.119 -16.413 -16.474 -16.402 -16.244 
3.43434 -12.140 -14.392 -15.215 -15.687 -16.061 -16.380 -16.396 -16.413 -16.284 
3.63636 -11.907 -13.961 -15.112 -15.578 -15.917 -16.209 -16.271 -16.111 -16.164 
3.83838 -11.802 -13.916 -14.878 -15.511 -15.772 -16.143 -16.188 -16.082 -16.065 
4.04040 -11.794 -13.560 -14.637 -15.216 -15.733 -15.988 -16.064 -15.971 -15.912 
4.24242 -11.589 -13.528 -14.575 -15.295 -15.602 -15.781 -15.954 -15.892 -15.960 
4.44444 -11.453 -13.448 -14.366 -14.981 -15.499 -15.699 -15.796 -15.946 -15.988 
4.64646 -11.305 -13.256 -14.321 -14.895 -15.399 -15.681 -15.772 -15.804 -15.669 
4.84848 -10.889 -12.937 -14.004 -14.748 -15.256 -15.560 -15.675 -15.832 -15.709 
5.05051 -10.894 -12.843 -13.970 -14.659 -15.202 -15.437 -15.592 -15.610 -15.663 
5.25253 -10.765 -12.974 -13.900 -14.562 -15.027 -15.499 -15.489 -15.587 -15.530 
5.45455 -10.607 -12.566 -13.604 -14.340 -14.937 -15.236 -15.369 -15.545 -15.484 
5.65657 -10.802 -12.761 -13.724 -14.408 -14.880 -15.215 -15.340 -15.510 -15.597 
5.85859 -10.549 -12.584 -13.609 -14.320 -14.895 -15.161 -15.270 -15.486 -15.308 
6.06061 -10.092 -12.190 -13.438 -14.176 -14.698 -15.005 -15.167 -15.367 -15.308 
6.26263 -10.001 -11.941 -13.193 -14.080 -14.683 -14.958 -15.101 -15.225 -15.209 
6.46465 -9.971 -12.119 -13.266 -13.950 -14.649 -15.034 -15.052 -15.199 -15.291 
6.66667 -9.743 -11.914 -13.228 -13.888 -14.528 -14.834 -14.945 -15.205 -15.164 
6.86869 -9.989 -11.899 -12.911 -13.842 -14.463 -14.790 -14.836 -15.028 -15.113 
7.07071 -9.560 -11.572 -12.844 -13.750 -14.364 -14.727 -14.829 -14.945 -15.059 
7.27273 -9.517 -11.626 -12.845 -13.692 -14.258 -14.634 -14.740 -14.831 -14.897 
7.47475 -9.220 -11.322 -12.760 -13.621 -14.277 -14.420 -14.651 -14.845 -15.042 
7.67677 -8.941 -11.251 -12.759 -13.534 -14.174 -14.493 -14.608 -14.764 -14.993 
7.87879 -8.820 -11.360 -12.634 -13.436 -14.121 -14.505 -14.561 -14.722 -14.774 
8.08081 -8.765 -11.232 -12.510 -13.453 -14.019 -14.312 -14.567 -14.696 -14.738 
8.28283 -8.504 -11.047 -12.418 -13.285 -13.907 -14.309 -14.487 -14.605 -14.678 
8.48485 -8.371 -11.005 -12.161 -13.252 -13.810 -14.158 -14.439 -14.502 -14.661 
8.68687 -8.212 -10.664 -12.038 -13.104 -13.818 -14.230 -14.340 -14.460 -14.564 
8.88889 -8.138 -10.592 -12.125 -13.057 -13.662 -14.111 -14.309 -14.391 -14.549 
9.09091 -8.011 -10.637 -12.173 -13.065 -13.755 -14.085 -14.212 -14.389 -14.547 
9.29293 -7.730 -10.195 -11.715 -12.955 -13.559 -13.986 -14.188 -14.292 -14.501 
9.49495 -7.554 -10.201 -11.770 -12.820 -13.559 -13.961 -14.168 -14.254 -14.399 
9.69697 -7.582 -10.267 -11.546 -12.666 -13.480 -13.875 -14.116 -14.189 -14.347 
9.89899 -7.565 -10.110 -11.500 -12.706 -13.430 -13.764 -14.115 -14.122 -14.378 
10.10101 -7.376 -9.889 -11.365 -12.591 -13.303 -13.721 -13.979 -14.099 -14.211 
10.30303 -6.983 -9.816 -11.257 -12.473 -13.230 -13.586 -13.888 -14.067 -14.160 
10.50505 -7.185 -9.643 -11.382 -12.503 -13.412 -13.584 -13.859 -14.044 -14.009 
10.70707 -6.580 -9.450 -11.163 -12.386 -13.211 -13.599 -13.811 -13.985 -13.996 
10.90909 -6.523 -9.453 -11.113 -12.275 -13.043 -13.527 -13.756 -13.941 -14.036 
11.11111 -6.506 -9.284 -11.012 -12.214 -12.966 -13.415 -13.686 -13.856 -14.032 
11.31313 -6.335 -9.218 -10.954 -12.109 -12.863 -13.356 -13.767 -13.888 -13.910 
11.51515 -6.507 -8.932 -10.793 -12.112 -12.867 -13.327 -13.654 -13.758 -13.969 
11.71717 -5.924 -8.832 -10.686 -12.065 -12.762 -13.209 -13.591 -13.790 -13.889 
11.91919 -5.781 -8.943 -10.591 -11.939 -12.722 -13.224 -13.534 -13.724 -13.769 
12.12121 -5.419 -8.317 -10.469 -11.938 -12.716 -13.100 -13.523 -13.656 -13.850 
12.32323 -6.195 -8.372 -10.379 -11.716 -12.613 -13.026 -13.456 -13.677 -13.742 
12.52525 -5.734 -8.248 -10.344 -11.832 -12.460 -12.982 -13.429 -13.567 -13.615 
12.72727 -5.130 -8.120 -10.241 -11.605 -12.459 -12.996 -13.404 -13.558 -13.665 
12.92929 -5.041 -8.372 -10.109 -11.603 -12.358 -12.930 -13.335 -13.505 -13.643 
13.13131 -4.804 -7.699 -10.036 -11.454 -12.396 -12.890 -13.239 -13.462 -13.544 
13.33333 -4.361 -7.739 -10.029 -11.443 -12.285 -12.716 -13.230 -13.366 -13.525 
13.53535 -4.758 -7.716 -9.676 -11.265 -12.235 -12.661 -13.182 -13.395 -13.434 
13.73737 -4.233 -7.629 -9.872 -11.232 -12.173 -12.683 -13.049 -13.284 -13.446 
13.93939 -4.599 -7.465 -9.578 -11.125 -12.094 -12.618 -12.968 -13.256 -13.407 
14.14141 -4.184 -7.391 -9.430 -11.121 -12.071 -12.563 -12.976 -13.292 -13.381 
14.34343 -3.873 -7.247 -9.404 -10.946 -11.914 -12.487 -12.983 -13.193 -13.264 
14.54545 -3.859 -7.043 -9.554 -10.941 -11.912 -12.475 -12.895 -13.168 -13.283 
14.74747 -3.598 -7.263 -9.267 -10.768 -11.808 -12.342 -12.907 -13.091 -13.279 
14.94949 -3.506 -8.280 -9.253 -10.960 -11.734 -12.196 -12.864 -13.127 -13.281 
15.15152 -4.023 -7.361 -9.127 -10.639 -11.696 -12.285 -12.816 -13.086 -13.185 
15.35354 -3.308 -6.663 -9.063 -10.650 -11.651 -12.289 -12.796 -13.091 -13.177 
15.55556 -3.255 -6.349 -8.900 -10.586 -11.639 -12.187 -12.757 -13.040 -13.174 
15.75758 -3.322 -6.536 -8.835 -10.456 -11.556 -12.143 -12.621 -13.000 -13.115 
15.95960 -3.037 -6.294 -8.613 -10.385 -11.484 -12.102 -12.662 -13.025 -13.152 
16.16162 -2.925 -5.620 -8.558 -10.373 -11.424 -11.964 -12.622 -12.933 -13.081 
16.36364 -3.342 -5.928 -8.519 -10.316 -11.503 -12.154 -12.575 -12.889 -13.047 
16.56566 -2.753 -6.013 -8.414 -10.230 -11.290 -11.937 -12.503 -12.930 -13.032 
16.76768 -2.674 -5.675 -8.298 -10.207 -11.197 -11.875 -12.492 -12.847 -13.000 
16.96970 -2.539 -5.706 -8.324 -10.048 -11.290 -11.825 -12.450 -12.875 -13.028 
17.17172 -2.422 -5.700 -8.201 -10.029 -11.120 -11.732 -12.442 -12.758 -12.918 
17.37374 -2.273 -5.099 -8.089 -9.924 -11.122 -11.748 -12.361 -12.830 -12.926 
17.57576 -2.170 -5.304 -7.892 -9.923 -11.032 -11.696 -12.394 -12.752 -12.884 
17.77778 -2.080 -5.447 -8.026 -9.745 -11.009 -11.675 -12.290 -12.748 -12.967 
17.97980 -1.902 -5.101 -7.891 -9.844 -10.919 -11.641 -12.359 -12.729 -12.914 
18.18182 -1.751 -4.640 -7.500 -9.660 -10.867 -11.628 -12.290 -12.733 -12.863 
18.38384 -1.627 -4.666 -7.645 -9.663 -10.888 -11.577 -12.319 -12.703 -12.881 
18.58586 -1.469 -4.582 -7.570 -9.646 -10.797 -11.566 -12.247 -12.646 -12.801 
18.78788 -1.427 -4.647 -7.353 -9.559 -10.750 -11.476 -12.173 -12.611 -12.821 
18.98990 -1.256 -4.382 -7.406 -9.401 -10.696 -11.480 -12.184 -12.566 -12.871 
19.19192 -1.183 -4.476 -7.283 -9.368 -10.666 -11.400 -12.107 -12.560 -12.761 
19.39394 -1.040 -4.193 -7.014 -9.307 -10.571 -11.397 -12.012 -12.514 -12.767 
19.59596 -0.923 -4.161 -7.107 -9.094 -10.490 -11.245 -11.985 -12.499 -12.765 
19.79798 -0.847 -3.899 -7.004 -9.096 -10.423 -11.147 -11.948 -12.381 -12.632 
20.00000 -0.706 -4.616 -6.659 -9.037 -10.230 -11.111 -11.846 -12.421 -12.594 
