# t[days] u g r i z y J H K
0.20202 -11.119 -11.996 -11.658 -12.435 -9.978 -11.921 -11.741 -8.875 -3.138 
0.40404 -13.922 -14.391 -14.656 -14.506 -13.938 -13.853 -12.536 -12.877 -11.445 
0.60606 -13.697 -14.694 -14.519 -14.540 -14.299 -13.054 -13.480 -12.144 -13.577 
0.80808 -13.468 -14.501 -14.586 -14.652 -14.263 -14.419 -14.276 -13.549 -14.146 
1.01010 -13.232 -14.466 -14.597 -15.079 -14.728 -14.651 -14.223 -14.147 -13.851 
1.21212 -13.125 -14.694 -14.812 -15.114 -15.578 -15.234 -14.862 -14.992 -14.955 
1.41414 -13.338 -14.631 -15.024 -15.354 -15.606 -15.646 -15.494 -15.347 -14.908 
1.61616 -13.591 -14.748 -15.155 -15.568 -15.776 -15.961 -15.544 -15.711 -15.209 
1.81818 -13.348 -14.451 -15.017 -15.530 -16.045 -15.797 -15.791 -15.668 -15.137 
2.02020 -12.897 -14.139 -14.933 -15.425 -15.801 -15.849 -15.858 -15.693 -15.529 
2.22222 -12.703 -13.957 -14.813 -15.311 -15.704 -15.736 -15.740 -15.682 -15.600 
2.42424 -12.721 -13.771 -14.625 -15.242 -15.644 -15.763 -15.709 -15.633 -15.392 
2.62626 -12.229 -13.373 -14.339 -15.016 -15.521 -15.654 -15.632 -15.476 -15.211 
2.82828 -12.114 -13.149 -14.169 -14.833 -15.303 -15.634 -15.467 -15.524 -15.197 
3.03030 -12.224 -13.000 -13.972 -14.730 -15.253 -15.547 -15.388 -15.270 -14.900 
3.23232 -11.449 -12.855 -13.797 -14.616 -15.158 -15.378 -15.148 -15.047 -14.995 
3.43434 -11.619 -12.794 -13.722 -14.454 -14.919 -15.241 -15.134 -14.944 -14.725 
3.63636 -11.312 -12.519 -13.509 -14.353 -14.878 -15.129 -14.987 -14.908 -14.708 
3.83838 -11.425 -12.565 -13.538 -14.268 -14.770 -15.042 -14.915 -14.823 -14.673 
4.04040 -11.036 -12.353 -13.403 -14.156 -14.641 -14.933 -14.819 -14.786 -14.567 
4.24242 -10.846 -12.231 -13.212 -14.001 -14.584 -14.866 -14.692 -14.535 -14.487 
4.44444 -10.781 -12.160 -13.094 -13.915 -14.460 -14.643 -14.535 -14.393 -14.171 
4.64646 -10.306 -12.033 -13.046 -13.776 -14.302 -14.553 -14.473 -14.380 -14.270 
4.84848 -10.133 -11.907 -12.972 -13.778 -14.221 -14.490 -14.398 -14.226 -14.051 
5.05051 -9.952 -11.696 -12.915 -13.547 -14.087 -14.462 -14.308 -14.199 -14.156 
5.25253 -10.060 -11.534 -12.667 -13.482 -14.034 -14.337 -14.188 -13.994 -13.880 
5.45455 -9.625 -11.479 -12.608 -13.489 -13.977 -14.250 -14.160 -14.033 -13.938 
5.65657 -9.402 -11.234 -12.457 -13.346 -13.938 -14.112 -14.086 -13.804 -13.686 
5.85859 -8.822 -11.061 -12.242 -13.155 -13.786 -13.994 -14.006 -13.816 -13.735 
6.06061 -8.858 -10.964 -12.312 -13.127 -13.646 -13.935 -13.986 -13.782 -13.587 
6.26263 -8.751 -10.815 -12.095 -13.094 -13.621 -13.919 -13.818 -13.674 -13.521 
6.46465 -8.326 -10.508 -11.925 -12.890 -13.420 -13.721 -13.783 -13.603 -13.467 
6.66667 -8.163 -10.494 -11.834 -12.795 -13.351 -13.652 -13.658 -13.615 -13.356 
6.86869 -7.866 -10.126 -11.767 -12.755 -13.304 -13.682 -13.558 -13.576 -13.259 
7.07071 -7.932 -10.201 -11.574 -12.579 -13.201 -13.475 -13.598 -13.495 -13.269 
7.27273 -7.874 -10.048 -11.470 -12.437 -13.116 -13.475 -13.430 -13.417 -13.354 
7.47475 -7.228 -9.924 -11.301 -12.372 -13.017 -13.383 -13.409 -13.369 -13.197 
7.67677 -7.017 -9.797 -11.153 -12.221 -12.949 -13.297 -13.316 -13.269 -13.072 
7.87879 -6.883 -9.537 -11.101 -12.292 -12.904 -13.149 -13.287 -13.157 -13.108 
8.08081 -6.626 -9.500 -11.001 -12.102 -12.743 -13.087 -13.249 -13.152 -13.086 
8.28283 -6.549 -9.146 -10.924 -11.997 -12.653 -12.992 -13.124 -13.058 -12.964 
8.48485 -5.868 -9.003 -10.849 -11.928 -12.576 -12.949 -13.065 -13.013 -12.873 
8.68687 -6.367 -8.834 -10.594 -11.796 -12.576 -12.848 -13.027 -12.978 -12.762 
8.88889 -5.895 -8.652 -10.464 -11.688 -12.358 -12.730 -12.987 -12.995 -12.795 
9.09091 -5.500 -8.458 -10.364 -11.657 -12.263 -12.619 -12.893 -12.910 -12.728 
9.29293 -4.898 -8.504 -10.251 -11.478 -12.224 -12.666 -12.831 -12.825 -12.811 
9.49495 -5.171 -8.226 -10.217 -11.514 -12.239 -12.500 -12.775 -12.876 -12.677 
9.69697 -4.650 -7.947 -10.099 -11.409 -12.115 -12.494 -12.777 -12.805 -12.733 
9.89899 -4.731 -8.042 -9.987 -11.240 -12.009 -12.418 -12.707 -12.732 -12.656 
10.10101 -4.307 -7.703 -9.760 -11.137 -11.956 -12.367 -12.667 -12.756 -12.627 
10.30303 -4.036 -7.526 -9.739 -11.147 -11.853 -12.324 -12.566 -12.716 -12.634 
10.50505 -4.187 -7.481 -9.666 -10.970 -11.858 -12.246 -12.613 -12.653 -12.601 
10.70707 -3.894 -7.436 -9.467 -10.938 -11.781 -12.221 -12.509 -12.684 -12.627 
10.90909 -3.815 -7.099 -9.379 -10.867 -11.762 -12.141 -12.477 -12.753 -12.567 
11.11111 -4.330 -7.023 -9.310 -10.786 -11.670 -12.159 -12.480 -12.633 -12.530 
11.31313 -3.302 -7.078 -9.243 -10.742 -11.625 -12.025 -12.466 -12.618 -12.601 
11.51515 -3.048 -6.820 -9.107 -10.640 -11.636 -12.017 -12.422 -12.533 -12.620 
11.71717 -3.121 -6.616 -9.032 -10.573 -11.489 -11.966 -12.338 -12.574 -12.523 
11.91919 -2.488 -6.452 -9.000 -10.544 -11.553 -11.959 -12.324 -12.538 -12.481 
12.12121 -3.586 -6.358 -8.723 -10.442 -11.424 -11.866 -12.269 -12.535 -12.498 
12.32323 -3.084 -6.129 -8.685 -10.325 -11.300 -11.780 -12.238 -12.507 -12.504 
12.52525 -2.209 -5.992 -8.609 -10.372 -11.306 -11.730 -12.239 -12.490 -12.493 
12.72727 -2.384 -5.674 -8.572 -10.226 -11.282 -11.761 -12.178 -12.431 -12.460 
12.92929 -1.847 -5.755 -8.508 -10.177 -11.166 -11.654 -12.142 -12.432 -12.476 
13.13131 -1.747 -5.690 -8.328 -10.089 -11.148 -11.667 -12.117 -12.460 -12.430 
13.33333 -1.689 -5.656 -8.302 -10.026 -11.069 -11.659 -12.080 -12.362 -12.427 
13.53535 -1.566 -5.542 -8.205 -9.995 -10.997 -11.617 -12.080 -12.388 -12.462 
13.73737 -1.417 -5.305 -7.997 -9.907 -10.927 -11.592 -12.087 -12.370 -12.426 
13.93939 -1.317 -5.284 -7.948 -9.835 -10.929 -11.460 -12.029 -12.364 -12.440 
14.14141 -1.130 -5.062 -7.900 -9.740 -10.872 -11.491 -12.017 -12.325 -12.388 
14.34343 -2.408 -5.692 -7.871 -9.763 -10.851 -11.423 -11.914 -12.333 -12.387 
14.54545 -0.929 -4.564 -7.745 -9.673 -10.708 -11.333 -11.917 -12.247 -12.400 
14.74747 -0.793 -4.896 -7.626 -9.584 -10.649 -11.302 -11.944 -12.281 -12.332 
14.94949 -0.711 -4.388 -7.477 -9.480 -10.628 -11.215 -11.849 -12.239 -12.467 
15.15152 -0.590 -4.484 -7.458 -9.617 -10.599 -11.239 -11.786 -12.219 -12.300 
15.35354 -0.379 -4.169 -7.383 -9.325 -10.628 -11.191 -11.779 -12.165 -12.298 
15.55556 -0.695 -4.259 -7.375 -9.335 -10.504 -11.073 -11.726 -12.250 -12.265 
15.75758 -0.007 -4.082 -7.177 -9.375 -10.447 -11.085 -11.677 -12.099 -12.229 
15.95960 0.097 -4.311 -7.085 -9.101 -10.418 -11.019 -11.644 -12.148 -12.238 
16.16162 0.257 -3.908 -7.111 -9.181 -10.325 -11.014 -11.608 -12.079 -12.246 
16.36364 0.345 -3.663 -6.875 -9.088 -10.240 -10.866 -11.575 -12.031 -12.215 
16.56566 0.510 -3.604 -6.776 -8.961 -10.201 -10.857 -11.592 -11.991 -12.182 
16.76768 0.643 -3.598 -6.764 -8.882 -10.128 -10.779 -11.493 -11.966 -12.166 
16.96970 0.636 -3.043 -6.669 -8.750 -10.026 -10.736 -11.445 -11.895 -12.086 
17.17172 0.844 -3.047 -6.485 -8.834 -9.978 -10.652 -11.419 -11.902 -12.124 
17.37374 1.065 -2.671 -6.445 -8.745 -9.934 -10.634 -11.353 -11.878 -12.074 
17.57576 1.181 -3.345 -6.425 -8.597 -9.926 -10.592 -11.345 -11.816 -12.042 
17.77778 1.259 -2.755 -6.450 -8.609 -9.767 -10.533 -11.265 -11.863 -12.094 
17.97980 1.395 -2.267 -5.992 -8.443 -9.796 -10.462 -11.225 -11.801 -12.011 
18.18182 1.526 -2.415 -6.051 -8.366 -9.749 -10.412 -11.187 -11.728 -12.005 
18.38384 1.594 -2.455 -5.953 -8.325 -9.673 -10.361 -11.155 -11.684 -11.915 
18.58586 1.870 -3.052 -5.926 -8.255 -9.598 -10.352 -11.084 -11.676 -11.996 
18.78788 1.932 -2.058 -5.849 -8.326 -9.526 -10.203 -11.045 -11.622 -11.889 
18.98990 2.167 -1.639 -5.893 -8.310 -9.449 -10.122 -11.021 -11.558 -11.840 
19.19192 2.298 -1.586 -5.669 -8.002 -9.373 -10.111 -10.893 -11.543 -11.866 
19.39394 2.442 -1.554 -5.472 -7.933 -9.240 -10.040 -10.854 -11.494 -11.778 
19.59596 2.545 -1.132 -5.383 -7.746 -9.262 -9.961 -10.830 -11.394 -11.725 
19.79798 2.629 -1.313 -5.352 -7.639 -9.063 -9.822 -10.741 -11.332 -11.646 
20.00000 2.837 -0.882 -4.968 -7.384 -9.014 -9.708 -10.514 -11.173 -11.505 
