# t[days] u g r i z y J H K
0.20202 -11.183 -11.676 -11.713 -10.231 -7.942 -8.163 -5.741 -4.936 -10.334 
0.40404 -14.587 -14.604 -15.236 -15.137 -15.050 -14.536 -11.809 -12.156 -7.739 
0.60606 -14.929 -15.814 -16.272 -15.884 -15.272 -15.331 -14.691 -15.103 -13.853 
0.80808 -14.893 -16.103 -16.637 -16.366 -16.005 -15.852 -15.347 -15.609 -14.559 
1.01010 -15.198 -16.158 -16.614 -16.482 -16.454 -16.263 -15.917 -15.597 -14.556 
1.21212 -15.137 -16.334 -16.587 -16.693 -16.390 -16.337 -16.237 -16.086 -16.155 
1.41414 -14.825 -16.267 -16.687 -16.723 -16.566 -16.596 -16.392 -16.268 -15.533 
1.61616 -14.387 -16.201 -16.624 -16.596 -16.760 -16.810 -16.614 -16.523 -15.890 
1.81818 -14.247 -16.070 -16.619 -16.598 -16.850 -16.761 -16.694 -16.364 -16.340 
2.02020 -13.715 -15.936 -16.422 -16.629 -16.676 -16.617 -16.742 -16.416 -16.532 
2.22222 -13.327 -15.658 -16.262 -16.560 -16.704 -16.732 -16.823 -16.721 -16.393 
2.42424 -12.964 -15.488 -16.085 -16.465 -16.718 -16.684 -16.575 -16.753 -16.547 
2.62626 -12.821 -15.206 -15.870 -16.203 -16.455 -16.484 -16.674 -16.538 -16.329 
2.82828 -12.648 -14.919 -15.682 -16.044 -16.415 -16.466 -16.461 -16.437 -16.258 
3.03030 -12.378 -14.616 -15.425 -16.004 -16.142 -16.445 -16.344 -16.359 -16.413 
3.23232 -11.985 -14.265 -15.175 -15.661 -15.941 -16.308 -16.302 -16.299 -16.163 
3.43434 -12.062 -14.285 -15.064 -15.551 -15.958 -16.279 -16.338 -16.268 -16.184 
3.63636 -11.757 -13.838 -14.945 -15.402 -15.752 -16.039 -16.075 -15.993 -15.974 
3.83838 -11.722 -13.809 -14.706 -15.370 -15.668 -15.995 -16.036 -15.887 -15.930 
4.04040 -11.581 -13.435 -14.504 -15.107 -15.565 -15.841 -15.934 -15.835 -15.835 
4.24242 -11.574 -13.393 -14.464 -15.124 -15.474 -15.644 -15.774 -15.771 -15.876 
4.44444 -11.297 -13.299 -14.212 -14.868 -15.322 -15.615 -15.685 -15.823 -15.723 
4.64646 -11.268 -13.120 -14.137 -14.767 -15.231 -15.525 -15.673 -15.668 -15.604 
4.84848 -10.904 -12.869 -13.905 -14.624 -15.146 -15.433 -15.526 -15.687 -15.570 
5.05051 -10.695 -12.666 -13.880 -14.475 -15.091 -15.320 -15.531 -15.490 -15.547 
5.25253 -10.784 -12.914 -13.737 -14.384 -14.870 -15.365 -15.272 -15.450 -15.400 
5.45455 -10.544 -12.492 -13.522 -14.265 -14.801 -15.137 -15.260 -15.489 -15.441 
5.65657 -10.625 -12.593 -13.499 -14.212 -14.742 -15.089 -15.184 -15.359 -15.356 
5.85859 -10.445 -12.445 -13.504 -14.216 -14.758 -15.015 -15.207 -15.339 -15.275 
6.06061 -9.989 -12.066 -13.277 -14.033 -14.580 -14.886 -15.057 -15.236 -15.201 
6.26263 -9.972 -11.774 -13.035 -13.965 -14.580 -14.810 -14.941 -15.027 -15.063 
6.46465 -9.858 -11.940 -13.081 -13.783 -14.535 -14.929 -14.953 -15.125 -15.146 
6.66667 -9.684 -11.733 -13.109 -13.774 -14.408 -14.677 -14.840 -15.092 -15.053 
6.86869 -9.756 -11.736 -12.766 -13.691 -14.305 -14.676 -14.729 -14.922 -14.984 
7.07071 -9.487 -11.455 -12.759 -13.578 -14.254 -14.612 -14.686 -14.834 -14.932 
7.27273 -9.250 -11.346 -12.662 -13.580 -14.157 -14.529 -14.659 -14.724 -14.776 
7.47475 -9.150 -11.235 -12.633 -13.479 -14.135 -14.372 -14.481 -14.757 -14.896 
7.67677 -8.765 -11.107 -12.684 -13.421 -14.114 -14.386 -14.495 -14.622 -14.879 
7.87879 -8.668 -11.193 -12.421 -13.337 -14.002 -14.311 -14.491 -14.599 -14.701 
8.08081 -8.616 -10.959 -12.328 -13.361 -13.891 -14.283 -14.476 -14.604 -14.644 
8.28283 -8.433 -11.140 -12.389 -13.175 -13.812 -14.150 -14.369 -14.511 -14.558 
8.48485 -8.204 -10.826 -12.056 -13.125 -13.732 -14.035 -14.340 -14.439 -14.519 
8.68687 -8.178 -10.423 -11.890 -12.989 -13.695 -14.170 -14.266 -14.293 -14.528 
8.88889 -8.105 -10.484 -11.894 -12.955 -13.572 -14.040 -14.189 -14.299 -14.478 
9.09091 -7.895 -10.390 -12.089 -12.947 -13.683 -13.971 -14.157 -14.293 -14.358 
9.29293 -7.730 -10.129 -11.562 -12.817 -13.440 -13.849 -14.088 -14.234 -14.533 
9.49495 -7.351 -10.134 -11.541 -12.717 -13.464 -13.875 -14.034 -14.129 -14.325 
9.69697 -7.603 -10.126 -11.458 -12.548 -13.339 -13.771 -14.026 -14.106 -14.212 
9.89899 -7.253 -10.011 -11.359 -12.550 -13.334 -13.695 -13.992 -14.018 -14.264 
10.10101 -7.571 -9.874 -11.255 -12.497 -13.318 -13.663 -13.953 -13.984 -14.159 
10.30303 -6.974 -9.579 -11.212 -12.392 -13.158 -13.482 -13.820 -14.012 -14.050 
10.50505 -6.976 -9.461 -11.155 -12.324 -13.190 -13.455 -13.766 -13.956 -13.957 
10.70707 -6.657 -9.357 -11.053 -12.297 -13.168 -13.544 -13.717 -13.885 -13.888 
10.90909 -6.395 -9.386 -10.982 -12.145 -13.004 -13.417 -13.647 -13.842 -13.935 
11.11111 -6.583 -9.140 -10.919 -12.092 -12.853 -13.312 -13.645 -13.829 -13.968 
11.31313 -6.288 -9.027 -10.795 -12.018 -12.788 -13.314 -13.605 -13.718 -13.824 
11.51515 -6.477 -8.830 -10.718 -12.021 -12.741 -13.208 -13.645 -13.757 -13.904 
11.71717 -5.829 -8.684 -10.544 -11.926 -12.721 -13.154 -13.543 -13.672 -13.834 
11.91919 -5.524 -8.863 -10.512 -11.883 -12.668 -13.104 -13.494 -13.618 -13.595 
12.12121 -5.532 -8.281 -10.399 -11.854 -12.600 -13.049 -13.370 -13.622 -13.772 
12.32323 -5.830 -8.230 -10.233 -11.640 -12.505 -12.920 -13.399 -13.571 -13.652 
12.52525 -5.557 -8.010 -10.217 -11.708 -12.402 -12.958 -13.338 -13.496 -13.587 
12.72727 -5.499 -8.124 -10.121 -11.501 -12.356 -12.885 -13.357 -13.436 -13.603 
12.92929 -5.021 -8.258 -9.984 -11.587 -12.270 -12.824 -13.269 -13.508 -13.547 
13.13131 -4.551 -7.721 -9.959 -11.357 -12.348 -12.867 -13.187 -13.358 -13.462 
13.33333 -4.647 -7.618 -9.837 -11.322 -12.250 -12.665 -13.152 -13.336 -13.446 
13.53535 -4.625 -7.513 -9.666 -11.160 -12.059 -12.594 -13.068 -13.281 -13.322 
13.73737 -4.241 -7.730 -9.714 -11.144 -12.145 -12.617 -12.982 -13.234 -13.335 
13.93939 -4.343 -7.375 -9.568 -11.084 -12.014 -12.594 -12.936 -13.232 -13.382 
14.14141 -4.161 -7.192 -9.318 -10.995 -12.013 -12.490 -12.907 -13.138 -13.276 
14.34343 -3.904 -6.996 -9.346 -10.931 -11.845 -12.385 -12.877 -13.162 -13.253 
14.54545 -3.793 -7.029 -9.396 -10.845 -11.812 -12.444 -12.873 -13.109 -13.172 
14.74747 -3.605 -7.080 -9.108 -10.632 -11.757 -12.287 -12.845 -13.051 -13.214 
14.94949 -3.498 -7.504 -9.187 -10.905 -11.679 -12.155 -12.802 -13.033 -13.189 
15.15152 -4.007 -8.098 -9.026 -10.570 -11.645 -12.188 -12.730 -13.039 -13.102 
15.35354 -3.299 -6.563 -8.876 -10.600 -11.573 -12.196 -12.727 -12.990 -13.136 
15.55556 -3.231 -6.118 -8.937 -10.481 -11.544 -12.162 -12.726 -13.033 -13.075 
15.75758 -3.239 -6.393 -8.777 -10.405 -11.521 -12.069 -12.592 -12.959 -13.054 
15.95960 -3.046 -6.201 -8.388 -10.351 -11.389 -12.043 -12.576 -12.896 -13.090 
16.16162 -2.945 -5.840 -8.583 -10.273 -11.392 -12.072 -12.578 -12.886 -13.025 
16.36364 -3.176 -5.578 -8.425 -10.187 -11.294 -11.902 -12.512 -12.849 -13.002 
16.56566 -2.754 -5.832 -8.303 -10.166 -11.369 -11.940 -12.425 -12.829 -12.940 
16.76768 -2.680 -5.603 -8.321 -10.142 -11.163 -11.814 -12.420 -12.838 -12.922 
16.96970 -2.534 -5.423 -8.138 -10.073 -11.207 -11.769 -12.421 -12.783 -12.952 
17.17172 -2.474 -5.676 -8.113 -9.861 -11.061 -11.692 -12.377 -12.709 -12.901 
17.37374 -2.276 -5.182 -8.069 -9.855 -11.061 -11.704 -12.384 -12.723 -12.873 
17.57576 -2.169 -5.271 -7.736 -9.733 -10.989 -11.631 -12.289 -12.730 -12.845 
17.77778 -2.117 -5.269 -7.955 -9.821 -10.933 -11.640 -12.263 -12.711 -12.823 
17.97980 -1.907 -4.961 -7.673 -9.763 -10.872 -11.587 -12.205 -12.663 -12.900 
18.18182 -1.759 -4.518 -7.626 -9.665 -10.843 -11.562 -12.334 -12.660 -12.783 
18.38384 -1.629 -4.760 -7.292 -9.521 -10.798 -11.562 -12.264 -12.672 -12.831 
18.58586 -1.480 -4.573 -7.622 -9.544 -10.758 -11.468 -12.197 -12.602 -12.769 
18.78788 -1.439 -4.614 -7.336 -9.521 -10.719 -11.460 -12.158 -12.542 -12.788 
18.98990 -1.240 -4.189 -7.317 -9.368 -10.657 -11.451 -12.089 -12.508 -12.782 
19.19192 -1.147 -4.550 -7.178 -9.263 -10.578 -11.315 -12.047 -12.561 -12.775 
19.39394 -1.035 -4.019 -7.000 -9.207 -10.519 -11.410 -11.981 -12.440 -12.664 
19.59596 -0.896 -4.018 -7.062 -9.132 -10.437 -11.150 -11.951 -12.410 -12.678 
19.79798 -0.838 -4.544 -6.941 -9.013 -10.340 -11.121 -11.855 -12.414 -12.601 
20.00000 -0.706 -3.709 -6.395 -8.939 -10.263 -11.131 -11.801 -12.310 -12.532 
