# t[days] u g r i z y J H K
0.20202 -11.425 -11.839 -13.178 -13.115 -9.131 -7.745 -7.408 -8.780 -4.877 
0.40404 -14.495 -14.876 -15.213 -15.091 -14.961 -14.871 -13.884 -12.692 -8.752 
0.60606 -15.129 -15.873 -16.199 -15.990 -15.741 -15.291 -14.891 -14.647 -14.335 
0.80808 -15.105 -16.078 -16.458 -16.224 -16.045 -15.848 -15.396 -15.104 -14.336 
1.01010 -14.847 -16.121 -16.627 -16.520 -16.333 -16.199 -15.865 -15.452 -14.942 
1.21212 -14.461 -15.973 -16.674 -16.673 -16.532 -16.414 -15.993 -15.824 -15.436 
1.41414 -14.006 -15.833 -16.522 -16.580 -16.472 -16.449 -16.178 -15.931 -15.210 
1.61616 -13.687 -15.578 -16.343 -16.449 -16.415 -16.389 -16.163 -15.881 -15.649 
1.81818 -13.283 -15.299 -16.110 -16.225 -16.290 -16.370 -16.106 -15.922 -15.510 
2.02020 -12.801 -15.068 -15.875 -16.086 -16.129 -16.235 -16.072 -15.909 -15.531 
2.22222 -12.372 -14.693 -15.636 -15.854 -15.914 -16.056 -15.969 -15.771 -15.555 
2.42424 -11.982 -14.344 -15.293 -15.621 -15.837 -15.883 -15.872 -15.654 -15.438 
2.62626 -11.637 -14.037 -15.035 -15.452 -15.684 -15.868 -15.756 -15.575 -15.288 
2.82828 -11.151 -13.730 -14.758 -15.283 -15.543 -15.674 -15.653 -15.491 -15.228 
3.03030 -10.754 -13.400 -14.513 -15.087 -15.381 -15.542 -15.523 -15.486 -15.277 
3.23232 -10.414 -13.142 -14.271 -14.864 -15.275 -15.418 -15.379 -15.469 -15.085 
3.43434 -10.311 -12.911 -14.114 -14.751 -15.104 -15.265 -15.311 -15.295 -15.118 
3.63636 -10.028 -12.655 -13.895 -14.530 -14.947 -15.127 -15.218 -15.169 -15.165 
3.83838 -9.688 -12.436 -13.733 -14.393 -14.768 -14.994 -15.048 -15.158 -14.972 
4.04040 -9.431 -12.353 -13.603 -14.224 -14.721 -14.965 -15.006 -15.073 -14.987 
4.24242 -9.118 -12.024 -13.449 -14.091 -14.608 -14.807 -14.957 -14.974 -14.949 
4.44444 -8.889 -11.812 -13.195 -13.964 -14.506 -14.710 -14.814 -14.931 -14.835 
4.64646 -8.657 -11.597 -13.094 -13.905 -14.309 -14.659 -14.719 -14.813 -14.827 
4.84848 -8.404 -11.402 -12.883 -13.692 -14.244 -14.522 -14.621 -14.727 -14.675 
5.05051 -8.162 -11.240 -12.778 -13.551 -14.069 -14.338 -14.534 -14.642 -14.618 
5.25253 -7.973 -11.014 -12.511 -13.421 -14.041 -14.276 -14.436 -14.568 -14.585 
5.45455 -7.656 -10.819 -12.381 -13.305 -13.874 -14.130 -14.286 -14.507 -14.508 
5.65657 -7.395 -10.597 -12.220 -13.210 -13.733 -14.045 -14.240 -14.416 -14.475 
5.85859 -7.048 -10.432 -12.126 -13.011 -13.607 -13.886 -14.175 -14.284 -14.404 
6.06061 -6.814 -10.180 -11.912 -12.953 -13.504 -13.841 -14.027 -14.265 -14.281 
6.26263 -6.687 -10.141 -11.790 -12.765 -13.428 -13.692 -13.929 -14.207 -14.376 
6.46465 -6.405 -9.864 -11.674 -12.643 -13.277 -13.574 -13.878 -14.111 -14.203 
6.66667 -6.371 -9.737 -11.428 -12.457 -13.135 -13.430 -13.773 -14.004 -14.126 
6.86869 -6.090 -9.330 -11.246 -12.348 -13.052 -13.380 -13.627 -13.909 -14.039 
7.07071 -5.952 -9.200 -11.153 -12.294 -12.902 -13.275 -13.577 -13.843 -14.013 
7.27273 -5.491 -9.326 -10.953 -12.159 -12.789 -13.097 -13.515 -13.815 -13.937 
7.47475 -5.388 -8.762 -10.831 -12.007 -12.723 -13.042 -13.410 -13.717 -13.988 
7.67677 -5.280 -8.845 -10.733 -11.916 -12.597 -13.005 -13.372 -13.690 -13.854 
7.87879 -4.486 -8.498 -10.578 -11.805 -12.564 -12.885 -13.232 -13.611 -13.805 
8.08081 -4.683 -8.325 -10.385 -11.726 -12.423 -12.802 -13.134 -13.550 -13.764 
8.28283 -4.485 -7.974 -10.343 -11.591 -12.266 -12.668 -13.128 -13.473 -13.685 
8.48485 -3.871 -7.933 -10.173 -11.511 -12.228 -12.629 -13.031 -13.394 -13.587 
8.68687 -3.847 -7.858 -9.997 -11.473 -12.191 -12.529 -12.916 -13.345 -13.540 
8.88889 -3.884 -7.657 -9.917 -11.258 -12.079 -12.459 -12.908 -13.279 -13.474 
9.09091 -3.495 -7.650 -9.607 -11.231 -12.043 -12.423 -12.812 -13.227 -13.442 
9.29293 -3.378 -7.101 -9.562 -11.068 -11.885 -12.293 -12.759 -13.118 -13.436 
9.49495 -3.751 -6.981 -9.559 -10.998 -11.852 -12.229 -12.663 -13.109 -13.396 
9.69697 -3.253 -6.832 -9.342 -10.890 -11.707 -12.161 -12.663 -13.016 -13.349 
9.89899 -2.773 -6.577 -9.221 -10.795 -11.765 -12.147 -12.624 -12.949 -13.248 
10.10101 -2.984 -6.542 -9.126 -10.750 -11.646 -12.062 -12.515 -12.956 -13.240 
10.30303 -2.788 -6.461 -9.077 -10.587 -11.554 -11.986 -12.467 -12.853 -13.222 
10.50505 -2.161 -6.081 -8.963 -10.596 -11.464 -12.011 -12.411 -12.885 -13.169 
10.70707 -1.978 -5.941 -8.762 -10.478 -11.455 -11.954 -12.371 -12.832 -13.145 
10.90909 -1.842 -6.916 -8.762 -10.390 -11.477 -11.848 -12.367 -12.739 -13.057 
11.11111 -1.669 -5.875 -8.639 -10.336 -11.247 -11.736 -12.274 -12.705 -13.045 
11.31313 -1.548 -5.970 -8.500 -10.238 -11.230 -11.711 -12.202 -12.659 -13.030 
11.51515 -1.741 -5.462 -8.484 -10.164 -11.180 -11.693 -12.222 -12.612 -12.960 
11.71717 -1.312 -5.033 -8.255 -10.081 -11.026 -11.530 -12.109 -12.585 -12.936 
11.91919 -1.038 -5.170 -8.142 -10.035 -11.086 -11.535 -12.061 -12.580 -12.921 
12.12121 -1.248 -4.996 -8.120 -9.900 -11.054 -11.436 -12.056 -12.538 -12.815 
12.32323 -0.893 -5.013 -7.901 -9.838 -10.863 -11.378 -11.923 -12.455 -12.767 
12.52525 -0.569 -4.969 -7.900 -9.825 -10.885 -11.345 -11.872 -12.436 -12.713 
12.72727 -0.338 -5.040 -7.843 -9.815 -10.751 -11.301 -11.813 -12.374 -12.701 
12.92929 -0.215 -4.735 -7.733 -9.691 -10.640 -11.214 -11.790 -12.302 -12.662 
13.13131 -0.077 -4.611 -7.679 -9.612 -10.658 -11.180 -11.821 -12.279 -12.547 
13.33333 0.086 -4.487 -7.413 -9.500 -10.601 -11.048 -11.704 -12.295 -12.571 
13.53535 -0.168 -4.515 -7.445 -9.477 -10.463 -11.010 -11.616 -12.150 -12.580 
13.73737 0.429 -4.003 -7.246 -9.326 -10.454 -10.965 -11.546 -12.128 -12.502 
13.93939 0.599 -3.715 -7.222 -9.223 -10.345 -10.865 -11.587 -12.109 -12.524 
14.14141 0.791 -3.736 -7.225 -9.204 -10.381 -10.821 -11.514 -12.087 -12.493 
14.34343 0.829 -3.914 -7.078 -9.130 -10.190 -10.784 -11.353 -11.999 -12.422 
14.54545 1.013 -3.097 -6.874 -9.057 -10.118 -10.754 -11.404 -11.933 -12.392 
14.74747 1.124 -3.617 -6.838 -8.943 -10.106 -10.634 -11.279 -11.822 -12.360 
14.94949 1.559 -3.287 -6.616 -8.825 -9.986 -10.573 -11.238 -11.866 -12.315 
15.15152 1.659 -3.121 -6.768 -8.782 -9.903 -10.488 -11.133 -11.826 -12.178 
15.35354 1.800 -2.919 -6.548 -8.736 -9.878 -10.504 -11.098 -11.755 -12.154 
15.55556 2.030 -2.785 -6.512 -8.569 -9.755 -10.330 -11.078 -11.676 -12.147 
15.75758 2.110 -2.420 -6.254 -8.574 -9.691 -10.182 -10.959 -11.664 -12.139 
15.95960 2.430 -2.760 -6.184 -8.490 -9.614 -10.202 -10.940 -11.616 -12.004 
16.16162 2.465 -2.426 -6.377 -8.333 -9.598 -10.092 -10.859 -11.559 -12.006 
16.36364 2.617 -2.777 -6.213 -8.286 -9.494 -10.075 -10.814 -11.475 -11.947 
16.56566 2.627 -2.232 -6.007 -8.185 -9.379 -9.995 -10.827 -11.455 -11.854 
16.76768 2.985 -2.256 -6.014 -8.058 -9.369 -10.034 -10.743 -11.385 -11.865 
16.96970 3.118 -2.659 -5.837 -8.100 -9.352 -9.908 -10.703 -11.413 -11.857 
17.17172 3.216 -2.299 -5.693 -8.041 -9.286 -9.765 -10.614 -11.358 -11.788 
17.37374 3.494 -1.807 -5.716 -7.948 -9.162 -9.804 -10.584 -11.270 -11.731 
17.57576 3.563 -1.795 -5.602 -7.860 -9.054 -9.687 -10.507 -11.227 -11.738 
17.77778 3.336 -2.133 -5.317 -7.713 -9.092 -9.622 -10.448 -11.212 -11.692 
17.97980 3.965 -1.235 -5.384 -7.662 -8.868 -9.595 -10.419 -11.146 -11.658 
18.18182 4.178 -1.208 -5.282 -7.595 -8.853 -9.521 -10.358 -11.150 -11.628 
18.38384 4.043 -2.327 -5.403 -7.456 -8.754 -9.413 -10.355 -11.047 -11.562 
18.58586 4.068 -1.827 -5.201 -7.526 -8.808 -9.394 -10.293 -11.061 -11.518 
18.78788 4.306 -1.516 -5.077 -7.435 -8.637 -9.322 -10.184 -10.978 -11.540 
18.98990 4.648 -1.311 -4.960 -7.398 -8.596 -9.283 -10.174 -10.926 -11.405 
19.19192 5.094 -0.945 -4.796 -7.118 -8.536 -9.177 -10.068 -10.857 -11.396 
19.39394 4.779 -0.929 -4.843 -7.288 -8.425 -9.115 -10.019 -10.876 -11.277 
19.59596 5.083 -0.849 -4.499 -7.072 -8.406 -9.083 -9.925 -10.758 -11.286 
19.79798 5.514 0.477 -4.363 -6.894 -8.243 -8.927 -9.873 -10.622 -11.135 
20.00000 5.174 0.809 -3.980 -6.811 -8.059 -8.814 -9.651 -10.468 -10.999 
