# t[days] u g r i z y J H K
0.20202 -10.816 -10.599 -12.527 -8.833 -11.429 -10.605 -5.930 -6.317 -3.597 
0.40404 -14.090 -14.597 -15.011 -14.826 -13.975 -13.437 -11.719 -11.983 -11.541 
0.60606 -14.887 -15.646 -15.753 -15.880 -16.064 -15.162 -14.460 -13.672 -12.707 
0.80808 -14.946 -16.154 -16.691 -16.484 -15.982 -16.058 -15.585 -15.108 -14.950 
1.01010 -15.181 -16.462 -16.720 -16.800 -16.684 -16.289 -16.053 -15.886 -15.706 
1.21212 -15.106 -16.487 -17.015 -16.875 -16.557 -16.818 -16.240 -15.993 -15.459 
1.41414 -14.831 -16.282 -16.975 -16.896 -16.831 -16.796 -16.314 -16.398 -15.707 
1.61616 -14.436 -16.140 -16.937 -17.048 -16.876 -16.821 -16.581 -16.353 -15.638 
1.81818 -14.350 -16.133 -16.929 -16.920 -16.659 -16.784 -16.890 -16.526 -16.201 
2.02020 -13.654 -16.003 -16.784 -16.805 -16.865 -16.941 -16.777 -16.492 -16.277 
2.22222 -13.367 -15.756 -16.622 -16.829 -16.885 -16.696 -16.679 -16.653 -16.330 
2.42424 -13.032 -15.502 -16.502 -16.552 -16.708 -16.696 -16.602 -16.402 -16.136 
2.62626 -12.525 -15.190 -16.168 -16.331 -16.569 -16.613 -16.743 -16.501 -16.357 
2.82828 -12.467 -14.927 -15.889 -16.162 -16.254 -16.468 -16.421 -16.378 -16.188 
3.03030 -11.979 -14.594 -15.688 -15.963 -16.212 -16.297 -16.438 -16.340 -16.377 
3.23232 -11.771 -14.390 -15.392 -15.691 -16.084 -16.112 -16.235 -16.250 -16.056 
3.43434 -11.417 -14.243 -15.217 -15.511 -15.920 -15.990 -16.122 -16.156 -16.009 
3.63636 -11.287 -13.899 -14.923 -15.327 -15.650 -15.795 -15.917 -15.906 -15.832 
3.83838 -11.186 -13.631 -14.698 -15.285 -15.570 -15.800 -15.723 -15.931 -15.829 
4.04040 -10.963 -13.576 -14.624 -15.017 -15.409 -15.627 -15.749 -15.744 -15.722 
4.24242 -10.740 -13.268 -14.406 -14.891 -15.349 -15.600 -15.630 -15.739 -15.485 
4.44444 -10.595 -12.965 -14.111 -14.809 -15.122 -15.386 -15.473 -15.659 -15.481 
4.64646 -10.457 -12.886 -14.064 -14.694 -15.065 -15.318 -15.435 -15.561 -15.634 
4.84848 -10.342 -12.658 -13.828 -14.448 -15.027 -15.319 -15.323 -15.462 -15.510 
5.05051 -10.187 -12.621 -13.739 -14.449 -14.824 -15.134 -15.351 -15.420 -15.317 
5.25253 -9.950 -12.217 -13.582 -14.379 -14.774 -15.103 -15.232 -15.244 -15.419 
5.45455 -9.817 -12.306 -13.539 -14.142 -14.659 -14.988 -15.093 -15.316 -15.344 
5.65657 -9.692 -12.164 -13.468 -14.066 -14.591 -14.908 -14.983 -15.196 -15.326 
5.85859 -9.633 -12.207 -13.262 -14.172 -14.577 -14.798 -15.014 -15.147 -15.209 
6.06061 -9.540 -11.608 -13.092 -13.902 -14.517 -14.815 -14.827 -15.154 -15.094 
6.26263 -9.303 -11.679 -12.943 -13.809 -14.314 -14.732 -14.837 -14.978 -15.330 
6.46465 -9.067 -11.480 -12.898 -13.590 -14.225 -14.630 -14.763 -14.946 -15.170 
6.66667 -9.208 -11.359 -12.710 -13.594 -14.136 -14.458 -14.700 -14.920 -14.926 
6.86869 -9.068 -11.374 -12.646 -13.508 -14.049 -14.410 -14.623 -14.842 -14.927 
7.07071 -8.782 -11.157 -12.687 -13.528 -14.015 -14.349 -14.583 -14.798 -14.938 
7.27273 -8.773 -10.987 -12.507 -13.395 -14.017 -14.297 -14.536 -14.766 -14.769 
7.47475 -8.428 -10.831 -12.360 -13.264 -13.942 -14.202 -14.451 -14.686 -14.793 
7.67677 -8.668 -10.873 -12.255 -13.149 -13.772 -14.166 -14.378 -14.569 -14.805 
7.87879 -8.429 -10.909 -12.139 -13.069 -13.725 -14.040 -14.352 -14.684 -14.781 
8.08081 -8.381 -10.620 -12.160 -13.057 -13.675 -14.049 -14.324 -14.551 -14.536 
8.28283 -8.073 -10.657 -11.893 -12.944 -13.669 -14.064 -14.209 -14.488 -14.625 
8.48485 -7.937 -10.303 -11.785 -12.931 -13.534 -13.943 -14.120 -14.413 -14.590 
8.68687 -7.917 -10.279 -11.877 -12.858 -13.495 -13.909 -14.119 -14.325 -14.604 
8.88889 -7.769 -10.150 -11.720 -12.842 -13.355 -13.755 -14.067 -14.462 -14.435 
9.09091 -7.420 -10.039 -11.356 -12.562 -13.360 -13.762 -14.022 -14.280 -14.438 
9.29293 -7.457 -9.811 -11.359 -12.515 -13.238 -13.660 -13.956 -14.191 -14.434 
9.49495 -7.313 -9.676 -11.220 -12.458 -13.166 -13.683 -13.884 -14.114 -14.316 
9.69697 -7.164 -9.540 -11.243 -12.347 -13.103 -13.479 -13.869 -14.046 -14.242 
9.89899 -7.233 -9.629 -11.340 -12.338 -13.047 -13.458 -13.727 -14.021 -14.260 
10.10101 -6.887 -9.413 -11.167 -12.310 -13.018 -13.483 -13.726 -14.020 -14.196 
10.30303 -6.635 -9.231 -11.135 -12.233 -13.101 -13.315 -13.558 -13.900 -14.172 
10.50505 -6.455 -9.214 -10.944 -12.087 -12.886 -13.359 -13.603 -13.947 -14.095 
10.70707 -6.174 -8.854 -10.672 -11.950 -12.815 -13.217 -13.582 -13.744 -14.065 
10.90909 -6.355 -8.811 -10.811 -11.837 -12.735 -13.222 -13.552 -13.773 -14.100 
11.11111 -5.965 -8.914 -10.657 -11.733 -12.707 -13.111 -13.499 -13.715 -13.933 
11.31313 -5.646 -9.058 -10.531 -11.757 -12.587 -13.103 -13.455 -13.671 -13.979 
11.51515 -5.696 -8.417 -10.435 -11.705 -12.505 -13.044 -13.399 -13.708 -13.753 
11.71717 -5.537 -8.620 -10.331 -11.638 -12.465 -12.945 -13.315 -13.535 -13.878 
11.91919 -5.339 -8.392 -10.213 -11.670 -12.455 -12.911 -13.301 -13.575 -13.856 
12.12121 -5.213 -8.170 -10.134 -11.446 -12.384 -12.894 -13.215 -13.535 -13.815 
12.32323 -5.107 -7.942 -9.941 -11.499 -12.326 -12.816 -13.223 -13.557 -13.709 
12.52525 -4.952 -8.018 -9.913 -11.301 -12.225 -12.728 -13.150 -13.377 -13.636 
12.72727 -4.809 -7.653 -9.805 -11.207 -12.199 -12.713 -13.075 -13.389 -13.630 
12.92929 -4.737 -7.746 -9.718 -11.093 -12.104 -12.632 -13.056 -13.338 -13.647 
13.13131 -4.994 -7.798 -9.605 -11.152 -12.096 -12.562 -13.028 -13.264 -13.627 
13.33333 -4.515 -7.160 -9.515 -11.152 -12.061 -12.421 -12.966 -13.290 -13.577 
13.53535 -4.397 -7.448 -9.495 -11.028 -11.893 -12.445 -12.911 -13.310 -13.593 
13.73737 -4.260 -7.199 -9.462 -10.920 -11.834 -12.456 -12.891 -13.226 -13.421 
13.93939 -4.570 -7.056 -9.236 -10.842 -11.913 -12.392 -12.825 -13.198 -13.382 
14.14141 -4.066 -6.941 -9.130 -10.764 -11.686 -12.239 -12.712 -13.104 -13.290 
14.34343 -3.777 -7.101 -9.100 -10.693 -11.693 -12.145 -12.729 -13.060 -13.317 
14.54545 -3.750 -6.406 -8.978 -10.571 -11.781 -12.150 -12.719 -13.030 -13.261 
14.74747 -3.582 -6.850 -8.999 -10.461 -11.637 -12.170 -12.634 -12.968 -13.346 
14.94949 -3.555 -6.563 -8.766 -10.593 -11.555 -12.101 -12.620 -12.991 -13.195 
15.15152 -3.408 -6.426 -8.700 -10.447 -11.513 -12.069 -12.542 -12.913 -13.227 
15.35354 -3.308 -6.237 -8.628 -10.317 -11.425 -12.035 -12.591 -12.882 -13.113 
15.55556 -3.818 -6.234 -8.598 -10.252 -11.268 -11.889 -12.471 -12.918 -13.114 
15.75758 -3.114 -5.683 -8.464 -10.211 -11.322 -11.846 -12.451 -12.889 -13.039 
15.95960 -3.019 -5.703 -8.327 -10.100 -11.199 -11.875 -12.404 -12.773 -12.993 
16.16162 -2.954 -5.443 -8.100 -10.063 -11.182 -11.785 -12.410 -12.789 -13.085 
16.36364 -2.836 -5.834 -7.991 -9.961 -11.112 -11.718 -12.354 -12.799 -13.016 
16.56566 -2.722 -6.042 -8.293 -9.956 -11.086 -11.783 -12.320 -12.752 -13.009 
16.76768 -2.597 -5.183 -8.015 -9.864 -10.979 -11.600 -12.362 -12.701 -12.901 
16.96970 -2.515 -5.407 -8.004 -9.832 -10.878 -11.572 -12.237 -12.678 -12.946 
17.17172 -2.997 -5.356 -7.903 -9.843 -10.976 -11.531 -12.251 -12.699 -12.889 
17.37374 -2.270 -4.839 -7.845 -9.648 -10.887 -11.513 -12.187 -12.626 -12.811 
17.57576 -2.131 -4.938 -7.715 -9.778 -10.792 -11.459 -12.190 -12.625 -12.898 
17.77778 -2.007 -4.904 -7.697 -9.572 -10.724 -11.464 -12.067 -12.561 -12.839 
17.97980 -1.936 -4.648 -7.465 -9.514 -10.778 -11.442 -12.131 -12.534 -12.794 
18.18182 -1.752 -5.684 -7.659 -9.464 -10.642 -11.385 -12.091 -12.528 -12.766 
18.38384 -1.605 -4.924 -7.171 -9.343 -10.611 -11.304 -12.037 -12.555 -12.756 
18.58586 -1.653 -4.174 -7.439 -9.346 -10.596 -11.267 -12.004 -12.487 -12.785 
18.78788 -1.390 -4.679 -7.205 -9.276 -10.523 -11.222 -11.954 -12.484 -12.710 
18.98990 -1.287 -4.112 -7.067 -9.185 -10.473 -11.228 -11.918 -12.447 -12.706 
19.19192 -1.145 -4.063 -7.017 -9.171 -10.469 -11.208 -11.956 -12.457 -12.687 
19.39394 -1.030 -4.313 -6.938 -9.021 -10.436 -11.126 -11.886 -12.400 -12.663 
19.59596 -0.914 -4.208 -6.818 -8.859 -10.324 -11.075 -11.848 -12.283 -12.575 
19.79798 -0.796 -3.870 -6.613 -8.802 -10.176 -11.002 -11.736 -12.267 -12.522 
20.00000 -0.715 -3.620 -6.346 -8.626 -10.167 -10.917 -11.682 -12.275 -12.454 
