# t[days] u g r i z y J H K
0.20202 -10.988 -12.348 -11.247 -12.165 -12.283 -8.943 -9.794 -5.653 -5.751 
0.40404 -13.988 -14.052 -14.289 -15.030 -14.278 -14.140 -14.073 -11.534 -13.053 
0.60606 -14.369 -14.877 -15.078 -15.125 -14.993 -14.799 -13.972 -14.377 -13.768 
0.80808 -14.336 -15.048 -15.262 -15.300 -15.208 -15.507 -14.821 -14.260 -14.497 
1.01010 -13.944 -15.198 -15.558 -15.638 -15.500 -15.308 -15.436 -14.892 -14.764 
1.21212 -13.751 -15.315 -15.642 -15.906 -15.766 -15.652 -15.440 -15.529 -14.728 
1.41414 -13.430 -15.086 -15.740 -15.904 -15.943 -15.732 -15.539 -15.750 -15.055 
1.61616 -12.989 -14.779 -15.626 -15.897 -15.972 -15.926 -15.560 -15.733 -15.337 
1.81818 -12.293 -14.489 -15.294 -15.707 -15.667 -15.532 -15.703 -15.835 -15.771 
2.02020 -12.333 -14.148 -15.051 -15.593 -15.662 -15.590 -15.583 -15.622 -15.437 
2.22222 -11.805 -13.721 -14.681 -15.247 -15.371 -15.231 -15.495 -15.678 -15.465 
2.42424 -11.269 -13.201 -14.491 -15.093 -15.297 -15.343 -15.418 -15.420 -15.246 
2.62626 -11.331 -13.049 -14.365 -14.716 -15.011 -14.958 -15.229 -15.432 -15.504 
2.82828 -11.097 -12.552 -13.855 -14.533 -14.904 -14.843 -15.066 -15.209 -15.194 
3.03030 -10.804 -12.280 -13.389 -14.328 -14.433 -14.780 -14.911 -15.098 -15.149 
3.23232 -10.783 -11.936 -13.014 -13.883 -14.549 -14.638 -14.744 -14.983 -14.988 
3.43434 -10.549 -11.622 -12.975 -13.754 -14.408 -14.509 -14.656 -14.816 -14.954 
3.63636 -10.363 -11.352 -12.623 -13.580 -14.245 -14.292 -14.661 -14.767 -14.924 
3.83838 -10.201 -11.180 -12.608 -13.383 -14.091 -14.302 -14.596 -14.644 -14.853 
4.04040 -10.033 -10.864 -12.151 -13.158 -13.962 -14.264 -14.354 -14.569 -14.577 
4.24242 -9.887 -10.777 -12.142 -13.131 -13.800 -14.179 -14.310 -14.723 -14.818 
4.44444 -9.711 -10.733 -11.645 -12.960 -13.774 -14.031 -14.336 -14.453 -14.718 
4.64646 -9.546 -10.525 -11.713 -12.833 -13.691 -13.960 -14.250 -14.472 -14.475 
4.84848 -9.402 -10.361 -11.567 -12.718 -13.529 -13.881 -14.137 -14.425 -14.447 
5.05051 -9.232 -10.220 -11.291 -12.724 -13.489 -13.850 -14.101 -14.363 -14.430 
5.25253 -9.067 -10.177 -11.327 -12.687 -13.511 -13.795 -14.082 -14.309 -14.442 
5.45455 -8.909 -9.849 -11.196 -12.542 -13.422 -13.729 -14.009 -14.119 -14.382 
5.65657 -8.769 -9.718 -11.162 -12.299 -13.409 -13.671 -13.922 -14.085 -14.226 
5.85859 -8.598 -9.666 -10.863 -12.296 -13.250 -13.609 -13.836 -14.060 -14.320 
6.06061 -8.460 -9.630 -10.713 -12.204 -13.124 -13.545 -13.790 -13.912 -14.210 
6.26263 -8.318 -9.398 -10.814 -12.165 -13.075 -13.547 -13.740 -13.983 -14.063 
6.46465 -8.150 -9.279 -10.723 -12.155 -13.115 -13.377 -13.821 -13.893 -14.216 
6.66667 -8.011 -9.255 -10.703 -12.102 -12.954 -13.378 -13.582 -13.899 -13.937 
6.86869 -7.902 -9.118 -10.482 -11.955 -12.743 -13.325 -13.422 -13.803 -14.102 
7.07071 -7.866 -8.948 -10.415 -11.866 -12.877 -13.249 -13.582 -13.700 -13.992 
7.27273 -7.544 -8.990 -10.340 -11.833 -12.884 -13.337 -13.378 -13.654 -13.877 
7.47475 -7.438 -8.945 -10.361 -11.800 -12.671 -13.161 -13.336 -13.536 -13.738 
7.67677 -7.283 -8.882 -10.347 -11.713 -12.633 -13.025 -13.345 -13.647 -13.722 
7.87879 -7.184 -8.663 -10.197 -11.691 -12.590 -13.041 -13.305 -13.507 -13.711 
8.08081 -6.981 -8.538 -10.166 -11.658 -12.587 -13.041 -13.236 -13.568 -13.642 
8.28283 -7.010 -8.702 -10.087 -11.523 -12.539 -12.903 -13.181 -13.383 -13.547 
8.48485 -6.686 -8.376 -9.942 -11.362 -12.456 -12.788 -13.081 -13.408 -13.614 
8.68687 -6.505 -8.109 -9.882 -11.475 -12.446 -12.888 -13.017 -13.302 -13.474 
8.88889 -6.344 -8.024 -9.819 -11.419 -12.342 -12.720 -13.031 -13.183 -13.456 
9.09091 -6.169 -7.985 -9.851 -11.326 -12.441 -12.726 -12.967 -13.213 -13.384 
9.29293 -6.021 -7.988 -9.795 -11.174 -12.275 -12.697 -12.907 -13.215 -13.281 
9.49495 -5.995 -7.714 -9.714 -11.260 -12.228 -12.672 -12.950 -13.143 -13.232 
9.69697 -5.700 -7.724 -9.582 -11.167 -12.221 -12.632 -12.876 -13.060 -13.188 
9.89899 -5.522 -7.443 -9.526 -11.145 -12.098 -12.529 -12.876 -12.959 -13.136 
10.10101 -5.391 -7.699 -9.498 -11.018 -11.950 -12.489 -12.797 -12.965 -13.247 
10.30303 -5.322 -7.352 -9.379 -10.910 -11.966 -12.385 -12.703 -13.031 -13.092 
10.50505 -5.174 -7.298 -9.364 -10.923 -11.898 -12.472 -12.635 -12.901 -13.091 
10.70707 -5.023 -7.111 -9.196 -10.804 -11.841 -12.270 -12.598 -12.889 -13.002 
10.90909 -4.818 -7.051 -9.239 -10.815 -11.734 -12.243 -12.565 -12.785 -12.946 
11.11111 -4.668 -6.891 -8.988 -10.684 -11.667 -12.137 -12.531 -12.758 -12.874 
11.31313 -4.586 -6.802 -9.064 -10.568 -11.637 -12.150 -12.465 -12.742 -12.780 
11.51515 -4.509 -6.746 -8.888 -10.560 -11.596 -12.031 -12.451 -12.695 -12.842 
11.71717 -4.257 -6.534 -8.749 -10.503 -11.585 -11.999 -12.376 -12.657 -12.806 
11.91919 -4.255 -6.663 -8.840 -10.498 -11.416 -11.914 -12.355 -12.568 -12.776 
12.12121 -4.134 -6.467 -8.690 -10.380 -11.392 -11.870 -12.274 -12.537 -12.780 
12.32323 -3.986 -6.895 -8.642 -10.298 -11.386 -11.903 -12.294 -12.523 -12.716 
12.52525 -3.908 -6.254 -8.423 -10.204 -11.280 -11.811 -12.239 -12.458 -12.600 
12.72727 -3.702 -6.409 -8.422 -10.181 -11.207 -11.756 -12.179 -12.449 -12.615 
12.92929 -3.625 -5.861 -8.283 -9.980 -11.117 -11.665 -12.150 -12.404 -12.539 
13.13131 -3.480 -6.360 -8.324 -10.060 -11.177 -11.607 -12.158 -12.442 -12.615 
13.33333 -3.501 -5.690 -8.485 -9.967 -11.042 -11.612 -12.096 -12.376 -12.509 
13.53535 -3.211 -5.757 -8.065 -9.878 -11.037 -11.531 -12.123 -12.336 -12.492 
13.73737 -3.054 -5.577 -8.172 -9.806 -10.927 -11.550 -12.044 -12.380 -12.575 
13.93939 -2.933 -5.455 -7.807 -9.781 -10.878 -11.455 -11.969 -12.345 -12.485 
14.14141 -2.818 -5.186 -7.806 -9.690 -10.944 -11.447 -11.999 -12.307 -12.458 
14.34343 -2.875 -5.177 -7.740 -9.765 -10.844 -11.376 -11.977 -12.315 -12.437 
14.54545 -2.599 -5.478 -7.735 -9.600 -10.732 -11.381 -11.912 -12.279 -12.470 
14.74747 -2.354 -5.340 -7.757 -9.556 -10.776 -11.308 -11.930 -12.253 -12.384 
14.94949 -2.240 -4.812 -7.576 -9.538 -10.617 -11.303 -11.899 -12.181 -12.393 
15.15152 -2.140 -5.004 -7.381 -9.395 -10.661 -11.381 -11.868 -12.251 -12.386 
15.35354 -1.941 -4.717 -7.287 -9.431 -10.604 -11.188 -11.812 -12.193 -12.382 
15.55556 -1.861 -4.792 -7.329 -9.294 -10.537 -11.343 -11.742 -12.205 -12.277 
15.75758 -1.673 -4.849 -7.211 -9.317 -10.470 -11.121 -11.746 -12.133 -12.306 
15.95960 -1.576 -4.548 -7.082 -9.253 -10.471 -11.080 -11.721 -12.165 -12.255 
16.16162 -1.484 -4.503 -7.302 -9.170 -10.437 -11.076 -11.705 -12.111 -12.283 
16.36364 -1.358 -4.432 -7.047 -9.167 -10.372 -10.990 -11.678 -12.124 -12.294 
16.56566 -1.273 -4.147 -6.977 -9.079 -10.357 -11.036 -11.677 -12.085 -12.306 
16.76768 -1.201 -4.140 -6.890 -9.039 -10.309 -11.013 -11.608 -12.049 -12.231 
16.96970 -1.141 -4.028 -6.797 -9.020 -10.273 -10.982 -11.628 -12.149 -12.268 
17.17172 -1.023 -4.141 -6.734 -8.921 -10.225 -10.942 -11.594 -12.049 -12.213 
17.37374 -0.954 -3.994 -6.729 -9.022 -10.139 -10.917 -11.602 -12.072 -12.251 
17.57576 -0.925 -3.656 -6.511 -8.847 -10.173 -10.920 -11.521 -12.060 -12.297 
17.77778 -0.868 -3.624 -6.527 -8.745 -10.115 -10.796 -11.546 -12.032 -12.201 
17.97980 -0.787 -3.402 -6.637 -8.663 -10.069 -10.853 -11.594 -11.973 -12.180 
18.18182 -0.739 -3.496 -6.400 -8.790 -10.007 -10.898 -11.494 -11.962 -12.207 
18.38384 -0.620 -3.475 -6.226 -8.557 -9.946 -10.787 -11.480 -11.954 -12.266 
18.58586 -0.524 -3.454 -6.187 -8.524 -9.953 -10.859 -11.427 -11.994 -12.245 
18.78788 -0.433 -3.335 -6.214 -8.397 -9.871 -10.697 -11.403 -11.972 -12.211 
18.98990 -0.341 -3.348 -6.195 -8.513 -9.802 -10.605 -11.406 -11.927 -12.202 
19.19192 -0.348 -2.864 -6.097 -8.452 -9.889 -10.603 -11.368 -11.868 -12.174 
19.39394 -0.231 -2.676 -5.959 -8.261 -9.740 -10.531 -11.357 -11.861 -12.152 
19.59596 -0.137 -2.843 -5.807 -8.366 -9.745 -10.494 -11.296 -11.787 -12.127 
19.79798 0.024 -2.516 -5.524 -7.991 -9.589 -10.408 -11.195 -11.746 -12.020 
20.00000 0.132 -2.817 -5.506 -7.997 -9.539 -10.258 -11.131 -11.638 -11.910 
