# t[days] u g r i z y J H K
0.20202 -11.304 -12.679 -10.781 -11.434 -9.399 -12.950 -10.669 -5.569 -4.863 
0.40404 -14.100 -14.554 -14.926 -14.368 -14.487 -14.402 -13.921 -12.687 -12.099 
0.60606 -14.355 -15.253 -15.630 -15.527 -15.484 -15.148 -14.375 -14.537 -14.269 
0.80808 -14.384 -15.540 -16.119 -15.934 -16.022 -15.752 -15.230 -14.921 -14.318 
1.01010 -14.347 -15.674 -16.217 -16.066 -15.899 -15.939 -15.478 -15.125 -14.960 
1.21212 -13.880 -15.601 -16.161 -16.085 -15.878 -15.812 -15.707 -15.247 -14.801 
1.41414 -13.576 -15.300 -15.977 -15.956 -15.925 -15.983 -15.755 -15.303 -15.069 
1.61616 -12.973 -15.059 -15.621 -15.758 -15.840 -15.754 -15.639 -15.446 -15.012 
1.81818 -12.641 -14.620 -15.379 -15.529 -15.640 -15.709 -15.492 -15.472 -14.889 
2.02020 -12.103 -14.269 -15.032 -15.284 -15.339 -15.464 -15.351 -15.324 -15.114 
2.22222 -11.580 -13.883 -14.689 -15.050 -15.247 -15.335 -15.241 -15.078 -14.877 
2.42424 -11.109 -13.453 -14.329 -14.776 -15.053 -15.101 -15.114 -15.003 -14.843 
2.62626 -10.882 -13.161 -13.962 -14.507 -14.926 -14.943 -14.896 -14.954 -14.806 
2.82828 -10.511 -12.903 -13.920 -14.428 -14.799 -14.924 -14.900 -14.813 -14.729 
3.03030 -10.391 -12.634 -13.745 -14.334 -14.605 -14.820 -14.775 -14.784 -14.768 
3.23232 -9.998 -12.422 -13.587 -14.114 -14.458 -14.627 -14.606 -14.630 -14.622 
3.43434 -9.782 -12.147 -13.279 -13.809 -14.290 -14.416 -14.545 -14.537 -14.492 
3.63636 -9.448 -11.940 -13.053 -13.715 -14.191 -14.373 -14.453 -14.446 -14.448 
3.83838 -9.134 -11.482 -12.914 -13.544 -14.048 -14.220 -14.359 -14.468 -14.328 
4.04040 -9.033 -11.531 -12.712 -13.501 -13.845 -14.080 -14.276 -14.274 -14.473 
4.24242 -8.751 -11.215 -12.569 -13.310 -13.839 -14.028 -14.077 -14.246 -14.320 
4.44444 -8.453 -10.932 -12.326 -13.106 -13.628 -13.840 -14.075 -14.130 -14.247 
4.64646 -8.176 -10.793 -12.085 -12.951 -13.521 -13.743 -13.951 -14.091 -14.059 
4.84848 -8.159 -10.760 -12.000 -12.840 -13.397 -13.643 -13.836 -13.986 -14.023 
5.05051 -7.838 -10.325 -11.799 -12.779 -13.229 -13.535 -13.676 -13.925 -13.955 
5.25253 -7.429 -10.106 -11.603 -12.574 -13.167 -13.450 -13.654 -13.881 -13.912 
5.45455 -7.392 -10.017 -11.445 -12.428 -13.083 -13.303 -13.530 -13.721 -13.858 
5.65657 -7.322 -9.839 -11.469 -12.374 -12.925 -13.204 -13.415 -13.721 -13.804 
5.85859 -6.954 -9.683 -11.173 -12.243 -12.808 -13.090 -13.340 -13.551 -13.610 
6.06061 -6.549 -9.370 -11.066 -12.075 -12.757 -13.003 -13.266 -13.462 -13.637 
6.26263 -6.318 -9.254 -10.965 -11.973 -12.562 -12.863 -13.136 -13.370 -13.534 
6.46465 -6.022 -8.942 -10.712 -11.836 -12.519 -12.880 -13.091 -13.254 -13.506 
6.66667 -5.790 -8.955 -10.618 -11.675 -12.411 -12.768 -12.989 -13.215 -13.458 
6.86869 -5.678 -8.670 -10.451 -11.706 -12.323 -12.626 -12.904 -13.159 -13.315 
7.07071 -5.364 -8.608 -10.334 -11.522 -12.193 -12.521 -12.809 -13.099 -13.240 
7.27273 -5.505 -8.345 -10.237 -11.410 -12.110 -12.479 -12.725 -13.053 -13.152 
7.47475 -5.133 -8.353 -10.073 -11.281 -11.977 -12.341 -12.656 -12.932 -13.237 
7.67677 -4.664 -7.894 -9.855 -11.137 -12.004 -12.288 -12.591 -12.819 -13.067 
7.87879 -4.864 -7.982 -9.894 -11.146 -11.871 -12.180 -12.546 -12.842 -13.046 
8.08081 -4.069 -7.694 -9.684 -10.986 -11.769 -12.165 -12.476 -12.752 -12.984 
8.28283 -4.261 -7.264 -9.530 -10.958 -11.738 -11.977 -12.436 -12.774 -12.897 
8.48485 -4.020 -7.145 -9.410 -10.864 -11.616 -12.023 -12.294 -12.628 -12.828 
8.68687 -3.616 -7.230 -9.356 -10.777 -11.643 -11.881 -12.309 -12.626 -12.839 
8.88889 -3.561 -6.932 -9.183 -10.711 -11.599 -11.989 -12.198 -12.642 -12.833 
9.09091 -3.482 -6.772 -9.175 -10.685 -11.450 -11.834 -12.193 -12.512 -12.745 
9.29293 -3.862 -6.812 -8.993 -10.541 -11.449 -11.790 -12.163 -12.467 -12.723 
9.49495 -2.979 -6.871 -9.068 -10.405 -11.443 -11.782 -12.125 -12.408 -12.642 
9.69697 -2.868 -6.711 -8.797 -10.421 -11.297 -11.688 -12.064 -12.381 -12.642 
9.89899 -2.818 -6.548 -8.677 -10.399 -11.254 -11.671 -12.074 -12.324 -12.566 
10.10101 -2.565 -6.174 -8.646 -10.239 -11.158 -11.563 -11.956 -12.341 -12.541 
10.30303 -2.367 -5.914 -8.425 -10.128 -11.081 -11.506 -11.961 -12.288 -12.490 
10.50505 -2.080 -5.774 -8.356 -10.134 -11.086 -11.516 -11.909 -12.218 -12.509 
10.70707 -1.976 -5.699 -8.338 -10.027 -10.950 -11.458 -11.889 -12.238 -12.468 
10.90909 -1.785 -5.368 -8.158 -9.924 -10.925 -11.401 -11.786 -12.112 -12.444 
11.11111 -1.768 -5.361 -8.140 -9.942 -10.856 -11.355 -11.733 -12.097 -12.369 
11.31313 -1.522 -5.201 -8.031 -9.846 -10.780 -11.288 -11.735 -12.081 -12.337 
11.51515 -1.312 -5.198 -8.060 -9.729 -10.753 -11.171 -11.703 -12.038 -12.298 
11.71717 -1.451 -4.842 -7.861 -9.657 -10.694 -11.200 -11.619 -12.044 -12.244 
11.91919 -0.935 -4.781 -7.769 -9.599 -10.628 -11.129 -11.587 -11.982 -12.197 
12.12121 -0.756 -4.896 -7.679 -9.524 -10.532 -11.116 -11.583 -11.951 -12.259 
12.32323 -1.052 -4.505 -7.456 -9.418 -10.617 -11.051 -11.548 -11.909 -12.173 
12.52525 -0.482 -4.067 -7.458 -9.317 -10.433 -10.953 -11.464 -11.902 -12.124 
12.72727 -0.349 -4.330 -7.321 -9.313 -10.392 -10.970 -11.428 -11.837 -12.055 
12.92929 -0.195 -4.196 -7.277 -9.248 -10.432 -10.808 -11.373 -11.790 -12.078 
13.13131 -0.024 -4.395 -7.350 -9.134 -10.196 -10.872 -11.315 -11.759 -12.022 
13.33333 0.168 -4.161 -7.287 -9.188 -10.225 -10.689 -11.342 -11.739 -11.939 
13.53535 0.297 -3.836 -6.985 -9.003 -10.102 -10.641 -11.286 -11.721 -12.017 
13.73737 0.422 -3.552 -6.868 -8.901 -10.114 -10.637 -11.217 -11.636 -11.943 
13.93939 0.660 -3.690 -6.904 -8.840 -9.973 -10.582 -11.183 -11.649 -11.910 
14.14141 0.779 -3.163 -6.686 -8.752 -10.004 -10.461 -11.090 -11.562 -11.926 
14.34343 0.997 -3.201 -6.880 -8.718 -9.829 -10.419 -11.035 -11.587 -11.861 
14.54545 1.269 -3.081 -6.472 -8.583 -9.778 -10.342 -11.026 -11.503 -11.795 
14.74747 1.368 -2.908 -6.397 -8.510 -9.690 -10.265 -10.984 -11.465 -11.752 
14.94949 1.514 -2.797 -6.274 -8.398 -9.648 -10.249 -10.874 -11.404 -11.727 
15.15152 1.654 -2.717 -6.384 -8.402 -9.590 -10.179 -10.891 -11.370 -11.641 
15.35354 1.792 -2.185 -6.212 -8.273 -9.479 -10.115 -10.830 -11.337 -11.638 
15.55556 1.831 -2.529 -5.946 -8.340 -9.523 -10.095 -10.713 -11.327 -11.631 
15.75758 2.181 -2.814 -5.987 -8.243 -9.373 -10.022 -10.698 -11.267 -11.608 
15.95960 2.133 -2.164 -6.001 -8.087 -9.373 -9.968 -10.637 -11.203 -11.613 
16.16162 2.381 -1.455 -5.866 -8.020 -9.215 -9.847 -10.592 -11.154 -11.602 
16.36364 2.573 -1.885 -5.789 -7.947 -9.249 -9.806 -10.540 -11.098 -11.421 
16.56566 2.829 -1.722 -5.445 -7.868 -9.069 -9.765 -10.501 -11.074 -11.429 
16.76768 2.892 -1.595 -5.716 -7.818 -9.052 -9.699 -10.406 -11.061 -11.432 
16.96970 1.258 -1.394 -5.187 -7.708 -8.972 -9.549 -10.310 -10.972 -11.321 
17.17172 3.175 -1.935 -5.183 -7.675 -8.895 -9.572 -10.312 -10.968 -11.330 
17.37374 2.884 -1.106 -5.267 -7.461 -8.865 -9.476 -10.277 -10.924 -11.337 
17.57576 3.536 -0.729 -5.140 -7.564 -8.730 -9.443 -10.232 -10.875 -11.260 
17.77778 3.802 -1.731 -5.145 -7.311 -8.687 -9.396 -10.121 -10.867 -11.218 
17.97980 3.849 -1.175 -4.977 -7.384 -8.662 -9.323 -10.123 -10.819 -11.153 
18.18182 4.109 -0.944 -4.838 -7.354 -8.589 -9.268 -10.064 -10.780 -11.189 
18.38384 4.395 -0.988 -4.827 -7.204 -8.480 -9.087 -10.055 -10.674 -11.186 
18.58586 4.110 -0.206 -4.808 -7.224 -8.422 -9.092 -9.918 -10.695 -11.101 
18.78788 4.444 -0.517 -4.620 -6.948 -8.463 -9.033 -9.960 -10.676 -11.111 
18.98990 4.748 -0.175 -4.720 -7.088 -8.322 -8.946 -9.881 -10.628 -11.002 
19.19192 4.756 -0.734 -4.567 -7.069 -8.258 -8.954 -9.803 -10.617 -10.974 
19.39394 4.746 0.025 -4.393 -6.963 -8.147 -8.818 -9.807 -10.509 -10.902 
19.59596 5.104 -0.687 -4.403 -6.855 -8.078 -8.812 -9.688 -10.463 -10.879 
19.79798 5.617 0.666 -4.097 -6.599 -7.989 -8.675 -9.546 -10.349 -10.790 
20.00000 5.241 0.710 -3.759 -6.371 -7.847 -8.483 -9.427 -10.203 -10.635 
