# t[days] u g r i z y J H K
0.20202 -11.074 -11.724 -11.383 -11.221 -11.854 -11.594 -8.756 -5.303 -4.628 
0.40404 -13.916 -14.590 -15.100 -14.759 -14.309 -13.817 -13.666 -13.577 -9.866 
0.60606 -14.725 -15.717 -15.923 -15.571 -15.208 -15.326 -15.340 -14.382 -13.751 
0.80808 -14.865 -15.882 -16.264 -16.116 -15.828 -15.938 -15.616 -14.820 -14.014 
1.01010 -14.688 -16.081 -16.520 -16.245 -16.227 -16.061 -15.794 -15.542 -15.234 
1.21212 -14.670 -16.068 -16.447 -16.466 -16.365 -16.371 -16.037 -15.859 -15.260 
1.41414 -14.337 -15.967 -16.507 -16.475 -16.589 -16.416 -16.200 -15.796 -15.707 
1.61616 -13.912 -15.836 -16.407 -16.382 -16.522 -16.491 -16.369 -16.171 -15.926 
1.81818 -13.586 -15.584 -16.256 -16.348 -16.415 -16.227 -16.319 -16.190 -15.609 
2.02020 -12.990 -15.289 -15.963 -16.201 -16.164 -16.248 -16.257 -16.172 -15.955 
2.22222 -12.740 -14.957 -15.717 -15.928 -16.080 -16.312 -16.035 -16.006 -15.770 
2.42424 -12.377 -14.649 -15.434 -15.796 -15.962 -16.208 -16.086 -16.079 -15.658 
2.62626 -11.953 -14.310 -15.063 -15.512 -15.738 -15.866 -15.945 -15.810 -15.782 
2.82828 -11.596 -13.883 -14.827 -15.283 -15.491 -15.775 -15.775 -15.852 -15.377 
3.03030 -11.626 -13.800 -14.645 -15.031 -15.411 -15.640 -15.566 -15.684 -15.491 
3.23232 -11.256 -13.434 -14.341 -14.910 -15.297 -15.471 -15.496 -15.539 -15.397 
3.43434 -10.947 -13.140 -14.163 -14.760 -15.176 -15.293 -15.478 -15.461 -15.332 
3.63636 -10.912 -13.118 -14.054 -14.654 -15.134 -15.294 -15.276 -15.392 -15.321 
3.83838 -10.632 -12.630 -13.831 -14.515 -14.903 -15.091 -15.190 -15.328 -15.231 
4.04040 -10.419 -12.504 -13.690 -14.399 -14.918 -15.120 -15.136 -15.239 -15.105 
4.24242 -10.471 -12.596 -13.555 -14.161 -14.715 -15.017 -15.077 -15.145 -15.124 
4.44444 -10.106 -12.246 -13.305 -14.107 -14.668 -14.807 -14.968 -15.086 -15.002 
4.64646 -9.742 -12.084 -13.246 -13.933 -14.484 -14.690 -14.857 -14.948 -15.095 
4.84848 -9.649 -12.069 -13.146 -13.937 -14.432 -14.706 -14.735 -14.830 -14.900 
5.05051 -9.454 -11.800 -12.964 -13.718 -14.213 -14.527 -14.740 -14.826 -14.929 
5.25253 -9.334 -11.515 -12.788 -13.627 -14.211 -14.549 -14.594 -14.709 -14.685 
5.45455 -9.288 -11.537 -12.620 -13.516 -14.124 -14.422 -14.481 -14.749 -14.716 
5.65657 -9.009 -11.343 -12.438 -13.386 -14.007 -14.342 -14.520 -14.524 -14.615 
5.85859 -9.062 -11.226 -12.595 -13.257 -13.887 -14.276 -14.378 -14.457 -14.503 
6.06061 -8.651 -10.940 -12.218 -13.085 -13.813 -14.033 -14.275 -14.410 -14.569 
6.26263 -8.611 -10.749 -12.144 -13.054 -13.702 -14.143 -14.209 -14.337 -14.456 
6.46465 -8.265 -10.582 -12.022 -12.898 -13.573 -13.928 -14.107 -14.300 -14.452 
6.66667 -8.231 -10.512 -11.913 -12.894 -13.535 -13.891 -14.147 -14.152 -14.292 
6.86869 -7.899 -10.274 -11.676 -12.776 -13.396 -13.772 -14.027 -14.090 -14.219 
7.07071 -7.744 -10.076 -11.635 -12.716 -13.387 -13.764 -13.865 -14.137 -14.327 
7.27273 -7.601 -10.137 -11.530 -12.604 -13.280 -13.609 -13.839 -13.982 -14.156 
7.47475 -7.427 -10.085 -11.536 -12.486 -13.242 -13.657 -13.800 -13.993 -14.195 
7.67677 -7.535 -9.889 -11.409 -12.416 -13.134 -13.527 -13.709 -13.854 -14.035 
7.87879 -6.909 -9.752 -11.326 -12.385 -13.107 -13.469 -13.639 -13.835 -13.973 
8.08081 -6.710 -9.390 -11.070 -12.258 -13.014 -13.390 -13.606 -13.771 -13.906 
8.28283 -7.066 -9.302 -11.085 -12.152 -12.910 -13.253 -13.527 -13.667 -13.878 
8.48485 -6.571 -9.237 -10.894 -12.113 -12.932 -13.212 -13.440 -13.669 -13.832 
8.68687 -6.229 -9.017 -10.819 -12.039 -12.770 -13.177 -13.422 -13.583 -13.683 
8.88889 -6.180 -8.991 -10.787 -11.999 -12.692 -13.050 -13.344 -13.562 -13.698 
9.09091 -6.539 -8.866 -10.734 -11.828 -12.643 -13.006 -13.258 -13.492 -13.555 
9.29293 -5.899 -8.681 -10.529 -11.749 -12.633 -12.889 -13.218 -13.432 -13.645 
9.49495 -5.646 -8.571 -10.505 -11.640 -12.419 -12.874 -13.149 -13.406 -13.527 
9.69697 -5.461 -8.378 -10.260 -11.544 -12.401 -12.797 -13.099 -13.259 -13.434 
9.89899 -5.157 -8.051 -10.161 -11.427 -12.330 -12.764 -12.971 -13.218 -13.423 
10.10101 -5.304 -7.883 -9.994 -11.321 -12.270 -12.636 -12.963 -13.172 -13.398 
10.30303 -5.051 -7.898 -10.096 -11.290 -12.177 -12.626 -12.939 -13.177 -13.239 
10.50505 -4.912 -7.850 -9.771 -11.250 -12.036 -12.517 -12.902 -13.037 -13.258 
10.70707 -4.800 -7.584 -9.880 -11.156 -12.032 -12.526 -12.830 -13.102 -13.194 
10.90909 -4.379 -7.530 -9.701 -11.104 -11.918 -12.397 -12.799 -12.974 -13.156 
11.11111 -4.231 -7.547 -9.555 -11.028 -11.902 -12.343 -12.723 -12.951 -13.089 
11.31313 -4.433 -7.288 -9.503 -10.974 -11.820 -12.314 -12.707 -12.939 -13.013 
11.51515 -3.831 -7.154 -9.391 -10.962 -11.784 -12.289 -12.614 -12.880 -13.030 
11.71717 -4.021 -7.071 -9.257 -10.847 -11.756 -12.198 -12.635 -12.900 -12.975 
11.91919 -3.479 -6.752 -9.276 -10.706 -11.645 -12.173 -12.569 -12.764 -12.954 
12.12121 -3.528 -6.769 -9.034 -10.674 -11.648 -12.127 -12.489 -12.719 -12.919 
12.32323 -3.280 -6.499 -9.099 -10.612 -11.522 -12.094 -12.469 -12.744 -12.874 
12.52525 -3.001 -6.452 -8.893 -10.440 -11.488 -12.026 -12.427 -12.786 -12.872 
12.72727 -2.885 -6.045 -8.892 -10.477 -11.486 -11.942 -12.399 -12.670 -12.944 
12.92929 -3.074 -6.250 -8.615 -10.362 -11.409 -11.929 -12.397 -12.622 -12.840 
13.13131 -2.624 -6.126 -8.567 -10.370 -11.314 -11.830 -12.325 -12.632 -12.771 
13.33333 -2.471 -5.977 -8.409 -10.236 -11.313 -11.784 -12.344 -12.620 -12.705 
13.53535 -2.263 -5.888 -8.459 -10.203 -11.233 -11.786 -12.292 -12.558 -12.725 
13.73737 -2.124 -5.439 -8.469 -10.156 -11.155 -11.700 -12.232 -12.500 -12.761 
13.93939 -2.006 -5.627 -8.330 -10.090 -11.113 -11.696 -12.197 -12.543 -12.735 
14.14141 -1.870 -5.467 -8.236 -9.895 -11.066 -11.620 -12.149 -12.518 -12.574 
14.34343 -1.906 -5.604 -8.204 -9.926 -10.999 -11.681 -12.155 -12.507 -12.673 
14.54545 -1.679 -5.635 -8.150 -9.902 -10.947 -11.604 -12.134 -12.463 -12.645 
14.74747 -1.640 -4.754 -7.934 -9.791 -10.934 -11.496 -12.078 -12.448 -12.581 
14.94949 -1.747 -4.837 -7.856 -9.729 -10.841 -11.496 -12.027 -12.382 -12.542 
15.15152 -1.584 -4.664 -7.715 -9.661 -10.847 -11.500 -12.024 -12.380 -12.594 
15.35354 -1.365 -4.707 -7.580 -9.587 -10.730 -11.390 -11.962 -12.370 -12.590 
15.55556 -1.434 -4.587 -7.872 -9.537 -10.775 -11.340 -11.960 -12.325 -12.572 
15.75758 -1.198 -4.789 -7.584 -9.532 -10.698 -11.409 -11.925 -12.328 -12.524 
15.95960 -1.118 -4.358 -7.444 -9.444 -10.658 -11.251 -11.893 -12.317 -12.456 
16.16162 -1.117 -4.659 -7.492 -9.454 -10.637 -11.270 -11.862 -12.357 -12.493 
16.36364 -0.958 -4.130 -7.251 -9.287 -10.537 -11.254 -11.863 -12.272 -12.497 
16.56566 -0.868 -3.988 -7.058 -9.214 -10.545 -11.230 -11.810 -12.236 -12.409 
16.76768 -1.040 -3.983 -7.033 -9.211 -10.487 -11.144 -11.798 -12.252 -12.454 
16.96970 -0.632 -3.936 -7.045 -9.108 -10.381 -11.094 -11.754 -12.247 -12.464 
17.17172 -0.572 -3.809 -7.085 -9.052 -10.371 -11.135 -11.751 -12.197 -12.422 
17.37374 -0.424 -3.460 -6.989 -9.068 -10.292 -10.985 -11.663 -12.149 -12.406 
17.57576 -0.287 -3.512 -6.578 -8.950 -10.226 -10.981 -11.703 -12.178 -12.340 
17.77778 -0.162 -3.106 -6.761 -8.894 -10.206 -10.970 -11.629 -12.119 -12.384 
17.97980 -0.059 -3.465 -6.602 -8.769 -10.219 -10.875 -11.608 -12.086 -12.361 
18.18182 -0.015 -3.280 -6.543 -8.773 -10.125 -10.838 -11.574 -12.089 -12.319 
18.38384 0.209 -2.981 -6.470 -8.740 -10.131 -10.804 -11.545 -12.009 -12.301 
18.58586 0.348 -3.032 -6.315 -8.595 -10.029 -10.804 -11.555 -12.058 -12.317 
18.78788 0.452 -3.050 -6.325 -8.701 -9.918 -10.757 -11.490 -12.037 -12.278 
18.98990 0.565 -2.828 -5.979 -8.539 -9.865 -10.722 -11.438 -11.994 -12.293 
19.19192 0.752 -2.817 -6.077 -8.513 -9.931 -10.633 -11.391 -11.948 -12.153 
19.39394 0.903 -2.497 -6.195 -8.407 -9.802 -10.631 -11.337 -11.862 -12.235 
19.59596 0.983 -2.898 -5.758 -8.147 -9.753 -10.490 -11.292 -11.824 -12.099 
19.79798 1.148 -1.967 -5.589 -8.094 -9.538 -10.403 -11.174 -11.708 -12.062 
20.00000 1.221 -2.884 -5.413 -8.052 -9.455 -10.248 -11.079 -11.642 -11.920 
