# t[days] u g r i z y J H K
0.20202 -10.875 -11.358 -12.566 -10.889 -9.027 -10.863 -10.177 -4.746 -5.207 
0.40404 -14.330 -15.146 -15.398 -15.358 -14.187 -14.676 -13.695 -13.118 -9.955 
0.60606 -15.136 -16.017 -16.533 -16.186 -15.925 -15.798 -14.861 -13.929 -14.375 
0.80808 -15.228 -16.420 -16.732 -16.663 -16.294 -16.116 -15.783 -15.371 -14.825 
1.01010 -15.413 -16.544 -16.999 -16.877 -16.643 -16.521 -16.070 -15.799 -15.552 
1.21212 -15.293 -16.672 -17.100 -16.988 -16.838 -16.736 -16.508 -16.196 -15.646 
1.41414 -14.987 -16.477 -17.087 -17.054 -17.033 -16.881 -16.671 -16.339 -16.011 
1.61616 -14.581 -16.400 -17.063 -17.078 -17.027 -16.971 -16.826 -16.596 -15.997 
1.81818 -14.179 -16.150 -16.898 -16.987 -16.992 -16.841 -16.820 -16.428 -16.199 
2.02020 -13.809 -15.965 -16.775 -16.829 -16.871 -16.977 -16.876 -16.636 -16.209 
2.22222 -13.305 -15.683 -16.609 -16.657 -16.706 -16.795 -16.731 -16.603 -16.467 
2.42424 -13.075 -15.409 -16.209 -16.438 -16.553 -16.791 -16.625 -16.444 -16.273 
2.62626 -12.585 -15.111 -16.000 -16.207 -16.439 -16.494 -16.537 -16.258 -16.123 
2.82828 -12.204 -14.653 -15.679 -16.116 -16.199 -16.436 -16.443 -16.342 -16.026 
3.03030 -11.842 -14.441 -15.456 -15.871 -16.050 -16.345 -16.285 -16.326 -16.071 
3.23232 -11.341 -14.194 -15.098 -15.649 -16.011 -16.203 -16.212 -16.028 -15.889 
3.43434 -11.316 -13.928 -14.919 -15.485 -15.789 -16.013 -16.031 -15.941 -15.756 
3.63636 -10.917 -13.682 -14.760 -15.376 -15.588 -15.894 -15.965 -15.979 -15.785 
3.83838 -10.657 -13.470 -14.569 -15.187 -15.567 -15.762 -15.802 -15.858 -15.727 
4.04040 -10.574 -13.249 -14.351 -15.032 -15.446 -15.604 -15.777 -15.945 -15.731 
4.24242 -10.561 -13.094 -14.245 -14.892 -15.254 -15.535 -15.700 -15.666 -15.645 
4.44444 -10.287 -12.908 -14.176 -14.719 -15.201 -15.326 -15.528 -15.646 -15.417 
4.64646 -9.992 -12.745 -14.100 -14.741 -15.187 -15.368 -15.503 -15.521 -15.475 
4.84848 -9.881 -12.486 -13.742 -14.560 -15.031 -15.274 -15.421 -15.502 -15.422 
5.05051 -9.857 -12.342 -13.672 -14.424 -14.896 -15.194 -15.361 -15.304 -15.417 
5.25253 -9.475 -12.221 -13.471 -14.315 -14.742 -15.120 -15.267 -15.374 -15.285 
5.45455 -9.430 -12.131 -13.380 -14.180 -14.676 -15.017 -15.197 -15.237 -15.303 
5.65657 -9.322 -11.825 -13.303 -14.156 -14.609 -14.980 -15.101 -15.205 -15.311 
5.85859 -8.980 -11.593 -13.150 -13.944 -14.541 -14.918 -15.015 -15.114 -15.140 
6.06061 -8.846 -11.585 -13.008 -13.856 -14.417 -14.727 -14.903 -15.061 -15.201 
6.26263 -8.832 -11.539 -12.847 -13.745 -14.392 -14.708 -14.900 -15.045 -15.092 
6.46465 -8.575 -11.269 -12.721 -13.661 -14.280 -14.589 -14.782 -14.977 -15.027 
6.66667 -8.525 -11.090 -12.593 -13.638 -14.146 -14.444 -14.801 -14.901 -15.035 
6.86869 -8.444 -10.986 -12.474 -13.438 -14.019 -14.395 -14.622 -14.744 -14.888 
7.07071 -8.307 -10.957 -12.387 -13.412 -14.036 -14.362 -14.610 -14.787 -14.920 
7.27273 -8.145 -10.719 -12.299 -13.241 -13.961 -14.265 -14.541 -14.733 -14.876 
7.47475 -7.999 -10.709 -12.294 -13.224 -13.895 -14.249 -14.446 -14.690 -14.788 
7.67677 -7.740 -10.373 -12.242 -13.133 -13.789 -14.226 -14.395 -14.632 -14.827 
7.87879 -7.672 -10.487 -11.948 -12.919 -13.646 -14.115 -14.395 -14.564 -14.714 
8.08081 -7.523 -10.160 -11.808 -12.914 -13.588 -13.965 -14.260 -14.557 -14.666 
8.28283 -7.272 -10.021 -11.757 -12.800 -13.552 -13.860 -14.231 -14.395 -14.608 
8.48485 -6.987 -10.030 -11.682 -12.754 -13.425 -13.864 -14.106 -14.440 -14.486 
8.68687 -7.087 -9.790 -11.616 -12.635 -13.330 -13.750 -14.049 -14.256 -14.552 
8.88889 -6.952 -9.560 -11.338 -12.601 -13.223 -13.715 -14.003 -14.335 -14.427 
9.09091 -6.558 -9.562 -11.391 -12.454 -13.331 -13.670 -13.950 -14.241 -14.378 
9.29293 -6.410 -9.341 -11.112 -12.368 -13.124 -13.519 -13.871 -14.191 -14.362 
9.49495 -6.248 -9.141 -11.136 -12.357 -13.064 -13.505 -13.834 -14.127 -14.248 
9.69697 -6.065 -9.126 -11.005 -12.268 -13.046 -13.380 -13.778 -14.034 -14.248 
9.89899 -6.059 -9.457 -10.794 -12.083 -12.936 -13.315 -13.621 -13.956 -14.294 
10.10101 -5.821 -8.781 -10.811 -12.098 -12.891 -13.348 -13.603 -13.940 -14.179 
10.30303 -5.724 -8.738 -10.778 -12.037 -12.730 -13.187 -13.538 -13.844 -14.086 
10.50505 -5.693 -8.405 -10.514 -11.931 -12.753 -13.102 -13.477 -13.753 -14.094 
10.70707 -5.475 -8.696 -10.361 -11.748 -12.650 -13.071 -13.444 -13.837 -13.972 
10.90909 -5.244 -8.417 -10.380 -11.697 -12.583 -13.019 -13.410 -13.640 -13.944 
11.11111 -5.289 -8.059 -10.198 -11.643 -12.467 -12.983 -13.300 -13.682 -13.888 
11.31313 -5.084 -7.909 -10.112 -11.580 -12.385 -12.937 -13.305 -13.609 -13.848 
11.51515 -5.100 -7.886 -10.038 -11.526 -12.260 -12.855 -13.253 -13.580 -13.743 
11.71717 -4.781 -7.705 -10.065 -11.323 -12.216 -12.730 -13.145 -13.480 -13.706 
11.91919 -4.206 -7.556 -9.959 -11.277 -12.226 -12.694 -13.106 -13.492 -13.732 
12.12121 -4.258 -7.561 -9.675 -11.161 -12.214 -12.634 -13.033 -13.424 -13.649 
12.32323 -4.031 -7.381 -9.509 -11.003 -12.060 -12.517 -12.984 -13.359 -13.587 
12.52525 -3.951 -7.249 -9.491 -11.007 -12.048 -12.536 -12.970 -13.299 -13.551 
12.72727 -4.166 -7.145 -9.463 -10.964 -11.936 -12.426 -12.897 -13.228 -13.532 
12.92929 -4.578 -6.850 -9.292 -10.938 -11.828 -12.322 -12.813 -13.241 -13.547 
13.13131 -3.564 -6.695 -9.218 -10.800 -11.796 -12.320 -12.840 -13.132 -13.419 
13.33333 -3.333 -6.648 -9.201 -10.787 -11.754 -12.317 -12.781 -13.121 -13.457 
13.53535 -3.208 -6.509 -9.087 -10.631 -11.653 -12.162 -12.738 -13.086 -13.347 
13.73737 -3.534 -6.820 -9.072 -10.639 -11.680 -12.180 -12.698 -13.049 -13.306 
13.93939 -2.988 -6.286 -8.869 -10.525 -11.575 -12.085 -12.653 -13.012 -13.289 
14.14141 -3.150 -6.422 -8.781 -10.352 -11.413 -12.073 -12.540 -12.986 -13.277 
14.34343 -3.063 -6.245 -8.658 -10.396 -11.434 -12.040 -12.553 -12.923 -13.176 
14.54545 -3.275 -5.503 -8.651 -10.330 -11.383 -11.964 -12.532 -12.894 -13.178 
14.74747 -2.374 -6.324 -8.512 -10.230 -11.314 -11.912 -12.457 -12.946 -13.110 
14.94949 -2.230 -5.933 -8.497 -10.243 -11.246 -11.875 -12.457 -12.847 -13.100 
15.15152 -2.071 -5.854 -8.303 -10.165 -11.191 -11.833 -12.443 -12.851 -13.080 
15.35354 -1.928 -5.347 -8.012 -9.984 -11.262 -11.762 -12.361 -12.813 -13.022 
15.55556 -1.939 -5.786 -8.272 -9.935 -11.109 -11.761 -12.376 -12.707 -12.986 
15.75758 -1.704 -5.544 -7.980 -9.916 -11.078 -11.665 -12.319 -12.744 -13.008 
15.95960 -1.571 -5.405 -8.043 -9.953 -10.974 -11.638 -12.231 -12.652 -12.951 
16.16162 -1.502 -5.125 -7.886 -9.849 -10.995 -11.565 -12.260 -12.651 -12.921 
16.36364 -1.415 -4.635 -7.628 -9.739 -10.919 -11.562 -12.251 -12.670 -12.928 
16.56566 -1.376 -5.207 -7.470 -9.606 -10.884 -11.515 -12.196 -12.633 -12.922 
16.76768 -1.268 -5.044 -7.791 -9.632 -10.849 -11.446 -12.135 -12.627 -12.890 
16.96970 -2.033 -4.974 -7.578 -9.590 -10.787 -11.487 -12.179 -12.617 -12.906 
17.17172 -1.073 -4.433 -7.551 -9.494 -10.760 -11.447 -12.102 -12.584 -12.885 
17.37374 -1.090 -3.879 -7.383 -9.400 -10.704 -11.401 -12.047 -12.550 -12.759 
17.57576 -0.966 -4.340 -7.211 -9.310 -10.653 -11.331 -12.060 -12.577 -12.801 
17.77778 -0.851 -4.355 -7.394 -9.251 -10.622 -11.345 -12.037 -12.507 -12.847 
17.97980 -0.794 -4.381 -7.377 -9.306 -10.530 -11.246 -11.952 -12.480 -12.792 
18.18182 -0.730 -3.952 -7.060 -9.168 -10.480 -11.222 -11.935 -12.470 -12.740 
18.38384 -1.623 -4.335 -6.912 -9.226 -10.485 -11.177 -11.973 -12.430 -12.794 
18.58586 -0.564 -4.490 -6.752 -9.073 -10.417 -11.158 -11.915 -12.411 -12.712 
18.78788 -0.481 -3.589 -6.858 -9.073 -10.376 -11.146 -11.829 -12.427 -12.675 
18.98990 -0.428 -3.291 -6.679 -8.939 -10.366 -11.136 -11.839 -12.392 -12.640 
19.19192 -0.391 -3.233 -6.808 -8.882 -10.300 -11.085 -11.784 -12.355 -12.683 
19.39394 -0.211 -3.232 -6.644 -8.857 -10.262 -10.936 -11.761 -12.286 -12.632 
19.59596 -0.113 -3.564 -6.447 -8.772 -10.118 -10.877 -11.687 -12.286 -12.519 
19.79798 -0.024 -3.223 -6.270 -8.597 -9.969 -10.864 -11.599 -12.211 -12.546 
20.00000 0.105 -3.111 -6.097 -8.501 -9.986 -10.792 -11.494 -12.120 -12.413 
