# t[days] u g r i z y J H K
0.20202 -11.309 -11.232 -11.444 -10.630 -7.999 -7.626 -5.634 -4.913 -9.886 
0.40404 -14.516 -14.611 -15.112 -15.082 -14.946 -14.291 -11.557 -11.480 -10.331 
0.60606 -14.754 -15.599 -16.212 -15.752 -15.217 -15.200 -14.623 -15.116 -13.837 
0.80808 -14.848 -15.969 -16.530 -16.227 -15.943 -15.745 -15.341 -15.385 -14.477 
1.01010 -15.043 -16.080 -16.471 -16.376 -16.191 -16.349 -15.817 -15.695 -14.368 
1.21212 -14.980 -16.225 -16.473 -16.610 -16.293 -16.109 -16.158 -15.859 -15.957 
1.41414 -14.712 -16.108 -16.568 -16.649 -16.537 -16.426 -16.312 -16.219 -15.451 
1.61616 -14.365 -16.062 -16.548 -16.513 -16.578 -16.671 -16.453 -16.429 -15.776 
1.81818 -14.071 -15.979 -16.552 -16.561 -16.798 -16.631 -16.585 -16.256 -16.095 
2.02020 -13.487 -15.822 -16.293 -16.514 -16.486 -16.537 -16.610 -16.306 -16.480 
2.22222 -13.093 -15.577 -16.146 -16.468 -16.550 -16.451 -16.650 -16.616 -16.248 
2.42424 -12.922 -15.402 -15.964 -16.323 -16.509 -16.653 -16.403 -16.659 -16.447 
2.62626 -12.663 -15.073 -15.780 -16.048 -16.325 -16.331 -16.556 -16.396 -16.147 
2.82828 -12.580 -14.830 -15.607 -15.923 -16.313 -16.314 -16.344 -16.362 -16.172 
3.03030 -12.330 -14.495 -15.283 -15.877 -15.973 -16.200 -16.149 -16.159 -16.348 
3.23232 -11.923 -14.119 -15.067 -15.509 -15.769 -16.152 -16.146 -16.238 -16.047 
3.43434 -11.983 -14.146 -14.946 -15.338 -15.803 -16.097 -16.196 -16.075 -16.041 
3.63636 -11.586 -13.770 -14.735 -15.196 -15.582 -15.901 -15.922 -15.868 -15.856 
3.83838 -11.688 -13.681 -14.654 -15.235 -15.525 -15.826 -15.830 -15.703 -15.860 
4.04040 -11.473 -13.322 -14.347 -14.910 -15.385 -15.663 -15.788 -15.659 -15.660 
4.24242 -11.532 -13.340 -14.267 -14.977 -15.316 -15.470 -15.636 -15.677 -15.808 
4.44444 -11.207 -13.176 -14.064 -14.710 -15.131 -15.381 -15.530 -15.660 -15.518 
4.64646 -11.189 -12.925 -13.969 -14.611 -15.048 -15.429 -15.492 -15.477 -15.491 
4.84848 -10.858 -12.844 -13.791 -14.478 -15.050 -15.254 -15.396 -15.571 -15.413 
5.05051 -10.635 -12.523 -13.670 -14.329 -14.946 -15.122 -15.343 -15.379 -15.377 
5.25253 -10.592 -12.739 -13.526 -14.190 -14.722 -15.225 -15.191 -15.280 -15.325 
5.45455 -10.434 -12.386 -13.372 -14.142 -14.652 -14.980 -15.119 -15.308 -15.314 
5.65657 -10.545 -12.397 -13.274 -14.025 -14.596 -14.901 -15.041 -15.269 -15.153 
5.85859 -10.432 -12.319 -13.415 -14.120 -14.568 -14.901 -15.078 -15.199 -15.171 
6.06061 -9.931 -11.945 -13.122 -13.880 -14.469 -14.707 -14.924 -15.114 -15.014 
6.26263 -9.845 -11.528 -12.862 -13.821 -14.342 -14.651 -14.786 -14.907 -15.005 
6.46465 -9.780 -11.805 -12.900 -13.585 -14.355 -14.798 -14.803 -14.987 -14.971 
6.66667 -9.478 -11.442 -12.924 -13.619 -14.310 -14.558 -14.771 -14.888 -14.883 
6.86869 -9.807 -11.599 -12.656 -13.490 -14.150 -14.542 -14.572 -14.852 -14.909 
7.07071 -9.528 -11.400 -12.597 -13.486 -14.073 -14.499 -14.540 -14.724 -14.806 
7.27273 -9.182 -11.063 -12.519 -13.425 -14.038 -14.390 -14.494 -14.626 -14.674 
7.47475 -8.938 -11.121 -12.450 -13.381 -14.033 -14.278 -14.372 -14.560 -14.694 
7.67677 -8.739 -10.926 -12.508 -13.257 -13.948 -14.230 -14.340 -14.609 -14.774 
7.87879 -8.513 -11.030 -12.261 -13.250 -13.868 -14.185 -14.381 -14.450 -14.553 
8.08081 -8.371 -10.778 -12.143 -13.158 -13.744 -14.150 -14.316 -14.452 -14.542 
8.28283 -8.477 -10.967 -12.290 -13.098 -13.708 -14.033 -14.258 -14.343 -14.401 
8.48485 -8.052 -10.662 -11.929 -12.941 -13.588 -13.867 -14.186 -14.346 -14.483 
8.68687 -8.181 -10.315 -11.715 -12.879 -13.550 -13.998 -14.120 -14.128 -14.398 
8.88889 -8.224 -10.317 -11.634 -12.752 -13.482 -13.941 -14.105 -14.234 -14.333 
9.09091 -7.734 -10.135 -11.891 -12.870 -13.531 -13.884 -14.022 -14.159 -14.208 
9.29293 -7.585 -9.980 -11.505 -12.676 -13.429 -13.716 -13.967 -14.145 -14.518 
9.49495 -7.332 -10.035 -11.389 -12.563 -13.312 -13.780 -13.948 -13.987 -14.155 
9.69697 -7.280 -9.711 -11.294 -12.404 -13.202 -13.639 -13.891 -13.952 -14.123 
9.89899 -7.341 -10.151 -11.274 -12.374 -13.255 -13.597 -13.865 -13.952 -14.107 
10.10101 -7.320 -9.696 -11.068 -12.409 -13.170 -13.534 -13.868 -13.846 -14.031 
10.30303 -6.967 -9.435 -11.081 -12.239 -13.062 -13.371 -13.719 -13.872 -13.994 
10.50505 -6.783 -9.327 -10.965 -12.238 -13.056 -13.392 -13.704 -13.886 -13.858 
10.70707 -6.657 -9.169 -10.870 -12.157 -13.043 -13.416 -13.618 -13.771 -13.796 
10.90909 -6.456 -9.053 -10.756 -11.987 -12.875 -13.299 -13.545 -13.692 -13.814 
11.11111 -6.412 -8.993 -10.920 -11.988 -12.739 -13.254 -13.530 -13.754 -13.838 
11.31313 -6.377 -8.892 -10.621 -11.891 -12.696 -13.199 -13.440 -13.628 -13.727 
11.51515 -6.324 -8.745 -10.657 -11.896 -12.626 -13.065 -13.580 -13.659 -13.855 
11.71717 -5.918 -8.547 -10.380 -11.843 -12.642 -13.054 -13.448 -13.589 -13.655 
11.91919 -5.406 -8.655 -10.340 -11.752 -12.506 -13.031 -13.384 -13.499 -13.519 
12.12121 -5.538 -8.161 -10.297 -11.694 -12.534 -12.956 -13.292 -13.519 -13.612 
12.32323 -5.375 -7.994 -10.114 -11.537 -12.384 -12.858 -13.287 -13.507 -13.563 
12.52525 -5.702 -7.903 -9.999 -11.594 -12.349 -12.807 -13.244 -13.388 -13.538 
12.72727 -5.072 -8.010 -10.013 -11.384 -12.253 -12.812 -13.212 -13.375 -13.475 
12.92929 -4.900 -8.031 -9.923 -11.407 -12.209 -12.768 -13.228 -13.400 -13.404 
13.13131 -4.834 -7.693 -9.900 -11.393 -12.204 -12.734 -13.122 -13.250 -13.447 
13.33333 -4.361 -7.549 -9.547 -11.174 -12.185 -12.589 -13.036 -13.285 -13.369 
13.53535 -4.585 -7.551 -9.624 -11.030 -11.997 -12.534 -12.961 -13.174 -13.249 
13.73737 -4.135 -7.478 -9.469 -11.039 -12.059 -12.502 -12.893 -13.132 -13.237 
13.93939 -4.206 -7.260 -9.492 -10.991 -11.942 -12.501 -12.854 -13.143 -13.286 
14.14141 -4.187 -6.987 -9.243 -10.938 -11.908 -12.430 -12.840 -13.075 -13.196 
14.34343 -3.863 -6.811 -9.222 -10.806 -11.767 -12.302 -12.788 -13.046 -13.106 
14.54545 -3.659 -7.060 -9.240 -10.720 -11.741 -12.278 -12.791 -13.030 -13.131 
14.74747 -3.713 -6.801 -8.989 -10.577 -11.660 -12.281 -12.739 -12.973 -13.140 
14.94949 -3.519 -6.415 -8.991 -10.641 -11.557 -12.085 -12.729 -12.945 -13.073 
15.15152 -3.481 -8.042 -9.087 -10.692 -11.573 -12.111 -12.663 -12.952 -13.024 
15.35354 -3.555 -6.334 -8.772 -10.445 -11.451 -12.132 -12.666 -12.919 -13.047 
15.55556 -3.253 -6.182 -8.850 -10.441 -11.469 -12.064 -12.628 -12.946 -12.990 
15.75758 -3.163 -6.116 -8.659 -10.310 -11.455 -11.970 -12.538 -12.882 -12.973 
15.95960 -3.078 -6.096 -8.482 -10.262 -11.308 -11.967 -12.470 -12.820 -13.008 
16.16162 -2.960 -5.829 -8.358 -10.161 -11.286 -11.991 -12.504 -12.786 -12.900 
16.36364 -2.826 -5.504 -8.408 -10.087 -11.230 -11.855 -12.462 -12.784 -12.965 
16.56566 -2.856 -5.661 -8.112 -10.128 -11.169 -11.874 -12.353 -12.731 -12.882 
16.76768 -2.671 -5.437 -8.226 -9.915 -11.125 -11.822 -12.339 -12.767 -12.818 
16.96970 -2.542 -5.388 -8.130 -10.019 -11.071 -11.687 -12.334 -12.711 -12.845 
17.17172 -2.517 -5.264 -7.959 -9.752 -10.969 -11.631 -12.317 -12.648 -12.837 
17.37374 -2.247 -5.417 -7.994 -9.731 -11.001 -11.586 -12.298 -12.641 -12.818 
17.57576 -2.164 -5.004 -7.700 -9.673 -10.964 -11.612 -12.227 -12.610 -12.777 
17.77778 -2.048 -5.260 -7.833 -9.763 -10.873 -11.557 -12.199 -12.658 -12.741 
17.97980 -1.893 -5.097 -7.617 -9.653 -10.793 -11.481 -12.153 -12.579 -12.771 
18.18182 -1.778 -4.388 -7.469 -9.580 -10.825 -11.507 -12.246 -12.602 -12.767 
18.38384 -1.623 -4.484 -7.302 -9.504 -10.697 -11.488 -12.134 -12.587 -12.752 
18.58586 -1.473 -4.765 -7.358 -9.383 -10.656 -11.407 -12.181 -12.528 -12.717 
18.78788 -1.409 -4.500 -7.342 -9.453 -10.657 -11.367 -12.130 -12.517 -12.712 
18.98990 -1.257 -4.624 -7.261 -9.341 -10.560 -11.368 -12.001 -12.446 -12.746 
19.19192 -1.128 -4.047 -7.021 -9.166 -10.557 -11.317 -11.987 -12.462 -12.693 
19.39394 -1.026 -3.942 -6.847 -9.088 -10.435 -11.349 -11.930 -12.423 -12.627 
19.59596 -0.895 -3.937 -6.978 -9.098 -10.348 -11.092 -11.863 -12.319 -12.598 
19.79798 -0.846 -4.292 -6.771 -8.977 -10.266 -11.011 -11.776 -12.316 -12.499 
20.00000 -0.738 -3.409 -6.533 -8.785 -10.210 -11.103 -11.747 -12.282 -12.482 
