# t[days] u g r i z y J H K
0.20202 -13.154 -13.352 -14.113 -14.764 -9.442 -12.737 -11.143 -11.912 nan 
0.40404 -13.852 -14.829 -15.034 -14.557 -13.841 -13.459 -13.326 -7.665 -13.624 
0.60606 -13.802 -14.995 -15.280 -14.993 -14.713 -14.798 -13.844 -13.677 -14.179 
0.80808 -13.557 -14.840 -15.021 -14.771 -14.667 -14.655 -14.092 -14.374 -9.347 
1.01010 -13.905 -14.486 -15.139 -14.679 -14.437 -14.493 -13.906 -13.553 -14.467 
1.21212 -12.579 -14.182 -14.577 -13.917 -14.214 -13.976 -14.453 -14.470 -13.467 
1.41414 -13.956 -15.143 -15.304 -15.430 -15.624 -15.352 -15.008 -15.342 -14.761 
1.61616 -14.153 -15.481 -15.857 -16.024 -16.288 -15.913 -15.951 -15.915 -15.568 
1.81818 -14.542 -15.430 -15.872 -16.187 -16.349 -16.325 -16.116 -16.156 -15.493 
2.02020 -14.450 -15.354 -15.907 -16.284 -16.499 -16.529 -16.236 -16.077 -16.121 
2.22222 -14.508 -15.471 -15.866 -16.175 -16.482 -16.669 -16.361 -16.241 -16.058 
2.42424 -13.930 -14.940 -15.697 -16.007 -16.442 -16.488 -16.289 -16.340 -16.176 
2.62626 -14.249 -14.925 -15.661 -16.018 -16.300 -16.512 -16.406 -16.291 -16.240 
2.82828 -13.965 -14.636 -15.275 -15.877 -16.200 -16.351 -16.291 -16.233 -16.235 
3.03030 -13.561 -14.356 -15.045 -15.697 -16.025 -16.300 -16.169 -16.005 -15.902 
3.23232 -13.653 -14.313 -14.889 -15.440 -15.917 -16.124 -15.932 -15.916 -15.736 
3.43434 -13.254 -13.944 -14.733 -15.287 -15.751 -15.977 -15.915 -15.649 -15.983 
3.63636 -13.115 -13.935 -14.668 -15.120 -15.556 -15.788 -15.679 -15.721 -15.681 
3.83838 -12.995 -13.895 -14.526 -15.016 -15.457 -15.744 -15.696 -15.541 -15.472 
4.04040 -12.679 -13.620 -14.314 -14.981 -15.302 -15.675 -15.548 -15.479 -15.587 
4.24242 -12.760 -13.624 -14.246 -14.838 -15.324 -15.482 -15.438 -15.238 -15.358 
4.44444 -12.477 -13.459 -14.172 -14.676 -15.171 -15.441 -15.322 -15.187 -15.163 
4.64646 -12.499 -13.388 -14.167 -14.733 -15.112 -15.425 -15.211 -15.077 -15.063 
4.84848 -12.055 -13.043 -13.918 -14.556 -14.914 -15.321 -15.031 -15.148 -14.795 
5.05051 -11.948 -13.009 -13.819 -14.535 -14.823 -15.151 -15.129 -14.927 -14.923 
5.25253 -11.570 -12.907 -13.760 -14.306 -14.830 -15.129 -15.089 -14.905 -14.734 
5.45455 -11.351 -12.774 -13.598 -14.207 -14.791 -14.948 -14.903 -14.807 -14.853 
5.65657 -11.260 -12.794 -13.554 -14.082 -14.649 -14.935 -14.899 -14.717 -14.464 
5.85859 -10.927 -12.675 -13.445 -14.073 -14.573 -14.858 -14.756 -14.622 -14.356 
6.06061 -10.650 -12.393 -13.413 -13.860 -14.463 -14.686 -14.678 -14.546 -14.267 
6.26263 -10.889 -12.201 -13.173 -13.845 -14.351 -14.754 -14.640 -14.543 -14.345 
6.46465 -10.336 -12.087 -13.099 -13.909 -14.308 -14.624 -14.601 -14.392 -14.146 
6.66667 -10.316 -11.968 -13.065 -13.637 -14.204 -14.479 -14.590 -14.380 -14.162 
6.86869 -9.916 -11.695 -12.781 -13.654 -14.191 -14.433 -14.484 -14.282 -14.263 
7.07071 -9.816 -11.563 -12.817 -13.624 -14.070 -14.469 -14.307 -14.330 -14.004 
7.27273 -9.779 -11.268 -12.681 -13.507 -13.964 -14.407 -14.335 -14.274 -13.906 
7.47475 -9.170 -11.306 -12.554 -13.414 -13.925 -14.352 -14.181 -14.117 -13.989 
7.67677 -8.955 -11.136 -12.397 -13.243 -13.929 -14.189 -14.208 -14.137 -13.765 
7.87879 -9.180 -11.028 -12.179 -13.219 -13.785 -14.192 -14.132 -13.978 -13.867 
8.08081 -8.762 -10.819 -12.123 -13.032 -13.657 -14.023 -14.034 -13.873 -13.779 
8.28283 -8.164 -10.739 -11.978 -12.962 -13.628 -13.863 -14.038 -13.965 -13.676 
8.48485 -8.600 -10.832 -11.981 -12.803 -13.499 -13.762 -13.967 -13.904 -13.884 
8.68687 -8.192 -10.349 -11.808 -12.775 -13.494 -13.780 -13.872 -13.780 -13.694 
8.88889 -7.550 -10.059 -11.637 -12.721 -13.405 -13.699 -13.803 -13.848 -13.612 
9.09091 -7.334 -9.974 -11.570 -12.566 -13.256 -13.673 -13.734 -13.710 -13.482 
9.29293 -7.170 -10.058 -11.501 -12.430 -13.224 -13.551 -13.765 -13.730 -13.440 
9.49495 -6.974 -9.917 -11.329 -12.399 -13.116 -13.561 -13.685 -13.639 -13.518 
9.69697 -6.814 -9.525 -11.231 -12.357 -13.018 -13.376 -13.610 -13.592 -13.414 
9.89899 -6.927 -9.498 -11.241 -12.311 -12.923 -13.342 -13.586 -13.559 -13.456 
10.10101 -6.463 -9.385 -11.068 -12.324 -12.838 -13.178 -13.558 -13.486 -13.333 
10.30303 -6.264 -9.165 -10.990 -12.001 -12.742 -13.140 -13.399 -13.439 -13.295 
10.50505 -7.156 -9.015 -10.991 -11.977 -12.703 -13.105 -13.326 -13.385 -13.257 
10.70707 -5.432 -9.185 -10.932 -11.964 -12.609 -13.130 -13.334 -13.305 -13.193 
10.90909 -5.808 -8.880 -10.827 -11.810 -12.650 -13.058 -13.346 -13.298 -13.175 
11.11111 -5.469 -8.385 -10.382 -11.718 -12.492 -12.929 -13.194 -13.334 -13.174 
11.31313 -5.452 -8.619 -10.547 -11.687 -12.429 -12.837 -13.227 -13.248 -13.239 
11.51515 -5.475 -8.389 -10.260 -11.518 -12.362 -12.807 -13.150 -13.173 -13.091 
11.71717 -4.522 -8.224 -10.137 -11.464 -12.272 -12.740 -13.008 -13.181 -13.016 
11.91919 -4.450 -7.913 -10.118 -11.345 -12.080 -12.625 -13.003 -13.117 -13.026 
12.12121 -4.577 -7.633 -9.801 -11.205 -12.184 -12.601 -12.921 -13.164 -13.086 
12.32323 -4.290 -7.607 -9.836 -11.223 -11.997 -12.455 -12.876 -13.000 -12.967 
12.52525 -4.295 -7.490 -9.616 -11.239 -12.053 -12.478 -12.845 -13.047 -12.953 
12.72727 -4.367 -7.306 -9.683 -11.067 -11.930 -12.397 -12.809 -12.965 -12.990 
12.92929 -4.105 -7.063 -9.472 -11.043 -11.949 -12.403 -12.803 -12.992 -12.947 
13.13131 -4.115 -7.225 -9.435 -10.931 -11.827 -12.287 -12.765 -12.966 -12.983 
13.33333 -3.912 -7.049 -9.353 -10.815 -11.807 -12.304 -12.736 -13.012 -12.933 
13.53535 -3.252 -6.828 -9.271 -10.698 -11.648 -12.175 -12.715 -12.926 -12.903 
13.73737 -3.643 -6.939 -9.132 -10.621 -11.579 -12.121 -12.678 -12.856 -12.845 
13.93939 -3.308 -6.765 -8.980 -10.550 -11.501 -12.129 -12.582 -12.861 -12.876 
14.14141 -2.855 -6.496 -9.134 -10.610 -11.523 -12.073 -12.559 -12.780 -12.887 
14.34343 -3.073 -6.277 -8.852 -10.451 -11.436 -12.056 -12.531 -12.752 -12.819 
14.54545 -2.549 -6.078 -8.688 -10.352 -11.396 -11.981 -12.499 -12.756 -12.791 
14.74747 -2.416 -6.178 -8.666 -10.260 -11.272 -11.912 -12.430 -12.752 -12.733 
14.94949 -2.304 -5.980 -8.603 -10.239 -11.270 -11.909 -12.442 -12.715 -12.762 
15.15152 -2.093 -5.672 -8.686 -10.403 -11.267 -11.797 -12.397 -12.745 -12.776 
15.35354 -1.962 -5.658 -8.363 -10.041 -11.202 -11.747 -12.383 -12.627 -12.750 
15.55556 -3.431 -5.312 -8.388 -10.060 -11.111 -11.891 -12.340 -12.698 -12.700 
15.75758 -1.797 -5.334 -8.242 -9.945 -11.100 -11.661 -12.286 -12.616 -12.685 
15.95960 -1.617 -5.382 -8.196 -9.905 -11.000 -11.796 -12.276 -12.612 -12.832 
16.16162 -1.510 -5.296 -8.139 -9.928 -11.061 -11.667 -12.202 -12.628 -12.740 
16.36364 -2.102 -5.323 -7.889 -9.819 -10.886 -11.625 -12.178 -12.560 -12.694 
16.56566 -1.435 -4.962 -7.834 -9.724 -11.093 -11.583 -12.217 -12.587 -12.671 
16.76768 -1.307 -4.790 -7.785 -9.674 -10.833 -11.496 -12.131 -12.538 -12.712 
16.96970 -1.201 -4.637 -7.758 -9.622 -10.860 -11.519 -12.177 -12.546 -12.680 
17.17172 -1.072 -4.631 -7.502 -9.567 -11.177 -11.452 -12.127 -12.531 -12.670 
17.37374 -0.962 -5.141 -7.543 -9.495 -10.659 -11.414 -12.076 -12.575 -12.623 
17.57576 -0.934 -4.504 -7.425 -9.502 -10.675 -11.385 -12.084 -12.490 -12.625 
17.77778 -0.794 -4.086 -7.361 -9.412 -10.693 -11.335 -12.010 -12.458 -12.658 
17.97980 -0.826 -4.203 -7.379 -9.246 -10.618 -11.276 -11.984 -12.448 -12.663 
18.18182 -0.705 -4.644 -7.228 -9.183 -10.545 -11.231 -11.975 -12.421 -12.590 
18.38384 -0.694 -3.762 -7.025 -9.250 -10.553 -11.324 -11.962 -12.449 -12.661 
18.58586 -0.530 -4.096 -7.100 -9.178 -10.434 -11.157 -11.950 -12.430 -12.536 
18.78788 -0.461 -4.223 -6.972 -9.237 -10.391 -11.153 -11.931 -12.366 -12.567 
18.98990 -0.415 -3.602 -6.964 -9.010 -10.409 -11.160 -11.875 -12.335 -12.550 
19.19192 -0.429 -3.327 -6.776 -9.074 -10.386 -11.031 -11.841 -12.334 -12.529 
19.39394 -0.231 -4.063 -6.564 -8.941 -10.258 -10.953 -11.782 -12.297 -12.554 
19.59596 -0.092 -3.259 -6.468 -8.860 -10.256 -10.942 -11.745 -12.223 -12.417 
19.79798 -0.068 -2.839 -6.335 -8.597 -10.044 -10.846 -11.610 -12.217 -12.343 
20.00000 0.100 -3.274 -6.082 -8.576 -10.050 -10.700 -11.599 -12.102 -12.336 
