# t[days] u g r i z y J H K
0.20202 -11.238 -11.582 -12.261 -13.516 -12.752 -11.407 -9.555 -10.091 -8.182 
0.40404 -13.842 -14.555 -14.870 -14.789 -14.054 -14.050 -13.335 -12.753 -12.647 
0.60606 -14.225 -15.130 -15.480 -15.499 -15.154 -14.935 -14.618 -14.054 -13.781 
0.80808 -14.122 -15.230 -15.729 -15.600 -15.604 -15.209 -14.919 -14.475 -14.206 
1.01010 -13.621 -15.106 -15.692 -15.749 -15.562 -15.382 -15.006 -14.705 -14.346 
1.21212 -13.230 -14.888 -15.508 -15.519 -15.509 -15.442 -15.004 -14.782 -14.425 
1.41414 -12.869 -14.583 -15.301 -15.405 -15.312 -15.385 -15.113 -14.676 -14.426 
1.61616 -12.346 -14.214 -14.936 -15.190 -15.237 -15.287 -14.973 -14.694 -14.491 
1.81818 -11.832 -13.857 -14.620 -14.818 -15.028 -14.979 -14.931 -14.728 -14.522 
2.02020 -11.319 -13.472 -14.427 -14.723 -14.937 -14.894 -14.815 -14.544 -14.542 
2.22222 -10.864 -13.121 -13.984 -14.464 -14.625 -14.752 -14.650 -14.581 -14.328 
2.42424 -10.447 -12.788 -13.722 -14.206 -14.405 -14.530 -14.470 -14.501 -14.262 
2.62626 -9.919 -12.418 -13.338 -13.955 -14.240 -14.391 -14.327 -14.316 -14.183 
2.82828 -9.776 -12.200 -13.215 -13.806 -14.112 -14.209 -14.218 -14.262 -14.129 
3.03030 -9.424 -11.841 -13.027 -13.578 -13.890 -14.063 -14.077 -14.143 -14.168 
3.23232 -8.915 -11.722 -12.772 -13.352 -13.775 -13.823 -13.987 -13.980 -13.990 
3.43434 -8.524 -11.227 -12.495 -13.133 -13.515 -13.722 -13.834 -13.902 -14.002 
3.63636 -8.196 -11.058 -12.297 -12.985 -13.323 -13.496 -13.660 -13.790 -13.762 
3.83838 -7.787 -10.826 -12.147 -12.798 -13.145 -13.361 -13.520 -13.730 -13.732 
4.04040 -7.505 -10.565 -11.849 -12.629 -13.031 -13.229 -13.439 -13.655 -13.741 
4.24242 -7.302 -10.338 -11.638 -12.490 -12.891 -13.003 -13.313 -13.474 -13.671 
4.44444 -6.802 -9.981 -11.435 -12.227 -12.654 -12.775 -13.073 -13.349 -13.511 
4.64646 -6.586 -9.717 -11.201 -11.933 -12.507 -12.704 -13.035 -13.299 -13.396 
4.84848 -6.201 -9.455 -11.055 -11.906 -12.443 -12.588 -12.824 -13.193 -13.315 
5.05051 -5.998 -9.302 -10.842 -11.830 -12.176 -12.515 -12.724 -13.088 -13.254 
5.25253 -5.693 -9.017 -10.566 -11.577 -12.100 -12.309 -12.571 -12.981 -13.173 
5.45455 -5.465 -8.618 -10.486 -11.423 -11.979 -12.218 -12.543 -12.878 -13.138 
5.65657 -4.894 -8.546 -10.316 -11.360 -11.868 -12.133 -12.429 -12.816 -13.020 
5.85859 -5.112 -8.330 -10.246 -11.235 -11.800 -12.055 -12.346 -12.764 -12.987 
6.06061 -4.321 -8.077 -9.924 -11.116 -11.620 -11.935 -12.285 -12.653 -12.888 
6.26263 -4.479 -7.938 -9.693 -10.967 -11.528 -11.823 -12.195 -12.568 -12.896 
6.46465 -3.950 -7.778 -9.677 -10.827 -11.481 -11.682 -12.090 -12.482 -12.775 
6.66667 -2.690 -7.210 -9.412 -10.641 -11.354 -11.650 -11.911 -12.440 -12.774 
6.86869 -3.548 -7.329 -9.318 -10.618 -11.247 -11.502 -11.911 -12.378 -12.687 
7.07071 -3.471 -6.843 -9.164 -10.427 -11.138 -11.388 -11.755 -12.292 -12.656 
7.27273 -3.859 -6.885 -9.049 -10.336 -11.007 -11.373 -11.727 -12.199 -12.530 
7.47475 -2.427 -6.642 -8.992 -10.170 -10.938 -11.213 -11.632 -12.150 -12.500 
7.67677 -1.670 -6.435 -8.633 -10.104 -10.854 -11.098 -11.568 -12.062 -12.419 
7.87879 -1.338 -6.289 -8.637 -10.024 -10.784 -11.023 -11.498 -11.984 -12.349 
8.08081 -1.185 -5.989 -8.377 -9.942 -10.704 -10.935 -11.460 -11.895 -12.357 
8.28283 -0.950 -5.557 -8.338 -9.771 -10.550 -10.901 -11.272 -11.821 -12.201 
8.48485 -0.642 -5.523 -8.075 -9.642 -10.387 -10.724 -11.181 -11.711 -12.102 
8.68687 -0.782 -5.444 -8.088 -9.496 -10.333 -10.687 -11.174 -11.764 -12.118 
8.88889 -0.115 -5.103 -7.738 -9.477 -10.286 -10.532 -11.068 -11.575 -12.087 
9.09091 -0.498 -4.651 -7.747 -9.469 -10.135 -10.521 -11.001 -11.585 -12.026 
9.29293 0.251 -4.953 -7.543 -9.195 -10.068 -10.403 -10.942 -11.483 -11.983 
9.49495 -0.155 -4.911 -7.462 -9.227 -10.018 -10.314 -10.844 -11.455 -11.840 
9.69697 1.085 -4.375 -7.536 -8.985 -9.904 -10.202 -10.748 -11.345 -11.731 
9.89899 0.522 -4.044 -7.244 -8.947 -9.759 -10.191 -10.725 -11.279 -11.738 
10.10101 0.692 -4.414 -7.165 -8.899 -9.692 -9.994 -10.621 -11.225 -11.698 
10.30303 1.804 -3.979 -7.071 -8.728 -9.535 -9.855 -10.548 -11.139 -11.627 
10.50505 0.221 -3.824 -6.961 -8.576 -9.509 -9.723 -10.431 -11.049 -11.599 
10.70707 1.724 -3.321 -6.807 -8.560 -9.408 -9.802 -10.395 -11.045 -11.526 
10.90909 1.825 -3.697 -6.784 -8.511 -9.339 -9.710 -10.317 -10.931 -11.494 
11.11111 2.684 -2.956 -6.575 -8.392 -9.254 -9.610 -10.241 -10.859 -11.437 
11.31313 1.805 -3.365 -6.393 -8.255 -9.065 -9.525 -10.232 -10.832 -11.330 
11.51515 3.040 -3.124 -6.396 -8.231 -9.038 -9.440 -10.008 -10.820 -11.266 
11.71717 2.450 -3.475 -6.357 -8.127 -9.038 -9.438 -10.096 -10.728 -11.229 
11.91919 3.306 -2.935 -6.068 -7.962 -8.929 -9.337 -9.942 -10.686 -11.146 
12.12121 3.653 -2.759 -6.053 -7.977 -8.770 -9.270 -9.878 -10.670 -11.153 
12.32323 2.081 -2.797 -6.017 -7.784 -8.750 -9.193 -9.843 -10.517 -11.124 
12.52525 3.463 -2.483 -5.856 -7.691 -8.628 -8.997 -9.749 -10.503 -11.046 
12.72727 3.797 -2.059 -5.855 -7.610 -8.544 -9.035 -9.723 -10.468 -11.031 
12.92929 4.337 -2.436 -5.596 -7.474 -8.555 -8.916 -9.688 -10.414 -10.928 
13.13131 3.780 -2.469 -5.664 -7.501 -8.453 -8.869 -9.575 -10.315 -10.940 
13.33333 4.483 -2.568 -5.463 -7.467 -8.390 -8.722 -9.537 -10.259 -10.860 
13.53535 4.993 -2.393 -5.373 -7.428 -8.375 -8.731 -9.543 -10.234 -10.846 
13.73737 5.103 -1.687 -5.402 -7.306 -8.269 -8.674 -9.515 -10.231 -10.817 
13.93939 5.485 -1.789 -5.279 -7.250 -8.194 -8.564 -9.433 -10.260 -10.723 
14.14141 6.050 -1.902 -5.163 -7.020 -8.112 -8.508 -9.279 -10.053 -10.674 
14.34343 5.188 -1.353 -5.152 -7.050 -8.054 -8.483 -9.153 -10.069 -10.639 
14.54545 5.906 -1.560 -4.943 -6.914 -7.921 -8.427 -9.292 -10.059 -10.654 
14.74747 5.994 -1.640 -4.968 -6.801 -7.819 -8.318 -9.043 -10.033 -10.604 
14.94949 6.275 -1.171 -4.711 -6.756 -7.687 -8.228 -9.069 -9.962 -10.536 
15.15152 7.139 -1.488 -4.840 -6.694 -7.772 -8.238 -9.044 -9.913 -10.474 
15.35354 6.271 -0.764 -4.539 -6.559 -7.654 -8.101 -8.993 -9.799 -10.428 
15.55556 7.151 -1.528 -4.837 -6.522 -7.505 -8.020 -8.919 -9.800 -10.403 
15.75758 6.798 -1.276 -4.541 -6.674 -7.356 -8.021 -8.844 -9.762 -10.327 
15.95960 5.304 -0.306 -4.352 -6.412 -7.370 -7.910 -8.724 -9.655 -10.333 
16.16162 5.658 -0.842 -4.113 -6.199 -7.305 -7.701 -8.685 -9.664 -10.333 
16.36364 6.748 -1.893 -4.011 -6.311 -7.193 -7.750 -8.769 -9.591 -10.215 
16.56566 4.625 -1.102 -4.215 -6.257 -7.166 -7.656 -8.656 -9.520 -10.254 
16.76768 8.100 0.111 -3.853 -6.146 -7.041 -7.585 -8.703 -9.541 -10.147 
16.96970 12.271 0.055 -4.063 -6.015 -6.950 -7.406 -8.584 -9.444 -10.145 
17.17172 8.205 0.184 -3.999 -5.804 -7.017 -7.568 -8.564 -9.532 -10.183 
17.37374 9.015 -0.011 -3.716 -5.829 -7.102 -7.373 -8.402 -9.374 -10.098 
17.57576 8.339 0.783 -3.739 -5.683 -6.831 -7.453 -8.324 -9.319 -10.059 
17.77778 8.842 1.188 -3.629 -5.814 -6.683 -7.382 -8.357 -9.338 -10.031 
17.97980 9.236 0.558 -3.344 -5.587 -6.707 -7.232 -8.200 -9.239 -9.927 
18.18182 14.348 0.941 -3.300 -5.443 -6.693 -6.900 -8.261 -9.243 -9.909 
18.38384 8.284 0.409 -3.146 -5.519 -6.645 -7.126 -8.176 -9.151 -9.879 
18.58586 9.015 1.069 -3.622 -5.347 -6.482 -6.952 -8.161 -9.220 -9.851 
18.78788 8.793 1.691 -3.367 -5.220 -6.440 -6.975 -8.041 -9.119 -9.774 
18.98990 6.134 1.474 -3.401 -5.327 -6.367 -6.904 -7.972 -9.015 -9.753 
19.19192 8.718 1.158 -2.813 -5.258 -6.259 -6.871 -7.897 -9.077 -9.795 
19.39394 9.740 1.509 -2.847 -4.789 -6.183 -6.837 -7.882 -9.045 -9.666 
19.59596 10.341 0.666 -3.114 -4.986 -6.211 -6.827 -7.854 -8.814 -9.592 
19.79798 7.900 2.083 -2.477 -4.959 -6.019 -6.567 -7.693 -8.799 -9.421 
20.00000 8.433 1.266 -2.358 -4.791 -5.617 -6.280 -7.540 -8.491 -9.265 
