# t[days] u g r i z y J H K
0.20202 -10.680 -10.371 -9.583 -8.491 -10.207 -11.903 -8.794 -7.927 -5.828 
0.40404 -14.350 -14.799 -15.034 -13.789 -14.521 -14.109 -13.327 -11.435 -11.851 
0.60606 -15.051 -15.727 -16.043 -15.855 -15.694 -14.948 -14.563 -13.514 -14.369 
0.80808 -15.256 -16.158 -16.405 -16.470 -16.178 -15.899 -15.500 -15.267 -14.492 
1.01010 -15.266 -16.352 -16.821 -16.734 -16.193 -16.326 -16.031 -15.694 -15.336 
1.21212 -15.339 -16.410 -16.891 -16.946 -16.806 -16.558 -16.318 -15.971 -15.784 
1.41414 -14.829 -16.417 -16.984 -16.880 -16.854 -16.662 -16.341 -15.940 -15.429 
1.61616 -14.718 -16.298 -16.956 -16.975 -16.821 -16.655 -16.622 -16.242 -15.579 
1.81818 -14.110 -16.079 -16.739 -16.894 -16.845 -16.778 -16.578 -16.399 -16.125 
2.02020 -13.677 -15.901 -16.632 -16.713 -16.765 -16.741 -16.582 -16.496 -16.330 
2.22222 -13.402 -15.652 -16.486 -16.624 -16.577 -16.682 -16.775 -16.335 -16.104 
2.42424 -12.778 -15.433 -16.247 -16.448 -16.491 -16.582 -16.563 -16.467 -16.206 
2.62626 -12.253 -15.035 -16.034 -16.321 -16.446 -16.486 -16.442 -16.480 -16.236 
2.82828 -12.347 -14.842 -15.824 -16.073 -16.163 -16.317 -16.281 -16.236 -16.108 
3.03030 -11.773 -14.567 -15.413 -15.728 -16.080 -16.147 -16.183 -16.133 -16.135 
3.23232 -11.656 -14.295 -15.258 -15.533 -15.860 -15.978 -16.133 -16.082 -15.927 
3.43434 -11.485 -13.888 -14.988 -15.408 -15.733 -15.881 -15.815 -15.958 -15.920 
3.63636 -11.066 -13.638 -14.730 -15.194 -15.622 -15.531 -15.685 -15.758 -15.736 
3.83838 -10.941 -13.529 -14.386 -14.968 -15.431 -15.552 -15.675 -15.645 -15.584 
4.04040 -10.838 -13.361 -14.441 -14.881 -15.184 -15.391 -15.558 -15.647 -15.512 
4.24242 -10.580 -13.175 -14.180 -14.746 -15.165 -15.372 -15.443 -15.488 -15.595 
4.44444 -10.487 -12.746 -14.039 -14.533 -15.007 -15.216 -15.285 -15.566 -15.432 
4.64646 -10.195 -12.673 -13.831 -14.520 -14.885 -15.128 -15.329 -15.496 -15.346 
4.84848 -10.085 -12.481 -13.749 -14.416 -14.864 -15.190 -15.120 -15.288 -15.156 
5.05051 -9.813 -12.372 -13.444 -14.142 -14.688 -14.812 -15.116 -15.175 -15.245 
5.25253 -9.723 -12.166 -13.437 -14.121 -14.695 -14.897 -15.130 -15.191 -15.132 
5.45455 -9.667 -12.073 -13.376 -14.064 -14.590 -14.794 -14.970 -15.140 -15.064 
5.65657 -9.395 -11.817 -13.190 -13.901 -14.430 -14.723 -14.875 -15.025 -15.212 
5.85859 -9.241 -11.691 -12.941 -13.805 -14.305 -14.612 -14.795 -14.988 -15.012 
6.06061 -9.293 -11.662 -12.993 -13.705 -14.330 -14.661 -14.747 -14.952 -14.995 
6.26263 -9.163 -11.308 -12.740 -13.661 -14.215 -14.445 -14.635 -14.975 -14.908 
6.46465 -8.951 -11.246 -12.654 -13.544 -14.112 -14.343 -14.544 -14.804 -14.906 
6.66667 -8.856 -11.203 -12.758 -13.512 -13.933 -14.212 -14.484 -14.760 -14.823 
6.86869 -8.711 -10.991 -12.512 -13.286 -13.979 -14.305 -14.473 -14.727 -14.729 
7.07071 -8.353 -10.721 -12.252 -13.207 -13.839 -14.102 -14.383 -14.551 -14.794 
7.27273 -8.347 -10.716 -12.300 -13.142 -13.719 -14.099 -14.364 -14.517 -14.753 
7.47475 -8.237 -10.528 -12.029 -12.978 -13.706 -14.055 -14.282 -14.513 -14.685 
7.67677 -7.902 -10.633 -11.934 -13.031 -13.581 -13.920 -14.237 -14.388 -14.615 
7.87879 -7.960 -10.286 -11.779 -12.916 -13.522 -13.881 -14.184 -14.456 -14.517 
8.08081 -7.712 -10.209 -11.735 -12.736 -13.459 -13.861 -14.152 -14.391 -14.440 
8.28283 -7.642 -10.214 -11.631 -12.637 -13.390 -13.704 -13.972 -14.362 -14.499 
8.48485 -7.580 -9.949 -11.544 -12.653 -13.349 -13.682 -14.056 -14.313 -14.459 
8.68687 -7.490 -9.971 -11.647 -12.645 -13.274 -13.693 -13.922 -14.282 -14.375 
8.88889 -7.114 -9.952 -11.316 -12.487 -13.197 -13.584 -13.926 -14.133 -14.341 
9.09091 -7.065 -9.620 -11.183 -12.458 -13.114 -13.583 -13.908 -14.102 -14.270 
9.29293 -6.892 -9.501 -11.265 -12.336 -13.148 -13.479 -13.758 -14.059 -14.218 
9.49495 -6.782 -9.502 -11.217 -12.194 -13.023 -13.474 -13.736 -13.994 -14.306 
9.69697 -6.686 -9.487 -10.967 -12.237 -12.918 -13.304 -13.580 -13.946 -14.146 
9.89899 -6.420 -9.098 -10.897 -12.101 -12.828 -13.286 -13.604 -13.798 -14.171 
10.10101 -6.516 -8.945 -10.694 -12.076 -12.821 -13.250 -13.554 -13.852 -14.094 
10.30303 -6.251 -8.825 -10.656 -12.064 -12.724 -13.263 -13.487 -13.792 -14.173 
10.50505 -6.136 -8.858 -10.693 -11.780 -12.741 -13.045 -13.548 -13.762 -14.026 
10.70707 -5.647 -8.789 -10.468 -11.919 -12.548 -13.080 -13.480 -13.641 -13.906 
10.90909 -5.720 -8.462 -10.768 -11.620 -12.561 -13.013 -13.303 -13.690 -13.808 
11.11111 -6.058 -8.425 -10.414 -11.628 -12.435 -12.930 -13.327 -13.614 -13.732 
11.31313 -5.546 -8.204 -10.233 -11.540 -12.419 -12.893 -13.263 -13.573 -13.770 
11.51515 -5.216 -8.267 -10.125 -11.548 -12.359 -12.788 -13.228 -13.545 -13.707 
11.71717 -5.057 -7.577 -10.000 -11.342 -12.243 -12.686 -13.160 -13.428 -13.598 
11.91919 -4.957 -7.868 -9.756 -11.263 -12.134 -12.645 -13.046 -13.394 -13.630 
12.12121 -4.993 -7.618 -9.735 -11.314 -12.030 -12.600 -13.018 -13.351 -13.645 
12.32323 -4.683 -7.396 -9.635 -11.133 -12.020 -12.562 -12.928 -13.281 -13.509 
12.52525 -4.399 -7.511 -9.474 -11.151 -11.945 -12.468 -12.934 -13.298 -13.495 
12.72727 -4.442 -7.299 -9.499 -11.037 -11.926 -12.403 -12.869 -13.155 -13.462 
12.92929 -4.582 -7.041 -9.275 -10.825 -11.872 -12.465 -12.856 -13.173 -13.369 
13.13131 -4.591 -6.989 -9.324 -10.802 -11.793 -12.273 -12.758 -13.094 -13.384 
13.33333 -4.336 -6.736 -9.119 -10.790 -11.745 -12.234 -12.729 -13.064 -13.423 
13.53535 -3.782 -6.580 -9.025 -10.610 -11.705 -12.197 -12.651 -13.000 -13.301 
13.73737 -3.886 -6.861 -9.025 -10.571 -11.565 -12.127 -12.656 -13.021 -13.263 
13.93939 -3.895 -6.565 -8.989 -10.635 -11.563 -12.099 -12.621 -12.949 -13.239 
14.14141 -3.480 -6.295 -8.873 -10.323 -11.488 -12.158 -12.496 -12.946 -13.128 
14.34343 -3.552 -6.261 -8.589 -10.328 -11.395 -12.049 -12.560 -12.829 -13.164 
14.54545 -3.563 -6.244 -8.693 -10.261 -11.305 -11.932 -12.510 -12.817 -13.060 
14.74747 -3.629 -6.471 -8.653 -10.293 -11.270 -11.771 -12.436 -12.810 -13.047 
14.94949 -3.046 -5.798 -8.425 -10.205 -11.202 -11.844 -12.367 -12.790 -13.016 
15.15152 -2.980 -6.057 -8.556 -10.091 -11.262 -11.819 -12.415 -12.711 -13.084 
15.35354 -2.855 -6.153 -8.255 -10.069 -11.188 -11.740 -12.304 -12.718 -12.951 
15.55556 -2.710 -5.583 -8.180 -10.012 -11.040 -11.778 -12.271 -12.722 -12.899 
15.75758 -2.565 -5.460 -8.145 -9.885 -11.078 -11.657 -12.249 -12.680 -12.993 
15.95960 -2.458 -5.382 -8.011 -9.857 -11.047 -11.626 -12.245 -12.645 -12.935 
16.16162 -2.314 -5.171 -7.937 -9.933 -11.009 -11.575 -12.248 -12.602 -12.872 
16.36364 -2.191 -4.545 -7.840 -9.786 -10.978 -11.521 -12.179 -12.611 -12.812 
16.56566 -2.019 -5.221 -7.796 -9.619 -10.843 -11.481 -12.146 -12.574 -12.880 
16.76768 -1.941 -4.969 -7.747 -9.693 -10.833 -11.492 -12.130 -12.550 -12.749 
16.96970 -1.790 -4.889 -7.558 -9.481 -10.777 -11.426 -12.061 -12.528 -12.853 
17.17172 -1.804 -4.969 -7.452 -9.474 -10.760 -11.340 -12.089 -12.576 -12.710 
17.37374 -1.568 -4.626 -7.627 -9.454 -10.666 -11.473 -12.052 -12.538 -12.810 
17.57576 -1.372 -4.890 -7.400 -9.387 -10.682 -11.411 -11.993 -12.483 -12.699 
17.77778 -1.297 -4.524 -7.153 -9.351 -10.591 -11.291 -11.937 -12.403 -12.876 
17.97980 -1.208 -4.524 -7.235 -9.340 -10.579 -11.277 -11.950 -12.396 -12.702 
18.18182 -1.097 -4.240 -7.249 -9.144 -10.508 -11.220 -11.846 -12.436 -12.646 
18.38384 -1.018 -4.164 -7.089 -9.164 -10.482 -11.241 -11.852 -12.410 -12.721 
18.58586 -0.930 -3.966 -7.015 -9.092 -10.333 -11.137 -11.834 -12.382 -12.645 
18.78788 -0.976 -4.216 -6.822 -8.937 -10.410 -11.141 -11.858 -12.329 -12.615 
18.98990 -0.763 -3.843 -6.917 -8.880 -10.348 -11.069 -11.774 -12.278 -12.577 
19.19192 -0.727 -3.633 -6.569 -8.865 -10.214 -11.004 -11.765 -12.248 -12.566 
19.39394 -0.607 -3.782 -6.687 -8.942 -10.199 -11.071 -11.734 -12.250 -12.482 
19.59596 -0.565 -3.645 -6.728 -8.650 -10.130 -10.933 -11.644 -12.206 -12.552 
19.79798 -0.479 -3.839 -6.417 -8.491 -10.055 -10.855 -11.630 -12.157 -12.379 
20.00000 -0.372 -3.228 -6.145 -8.479 -9.955 -10.981 -11.543 -12.090 -12.373 
