# t[days] u g r i z y J H K
0.20202 -11.899 -12.440 -13.153 -13.209 -13.170 -11.633 -11.322 -9.170 -6.508 
0.40404 -13.595 -14.185 -14.482 -14.563 -14.469 -13.979 -13.367 -12.890 -11.809 
0.60606 -13.745 -14.686 -15.016 -14.986 -14.789 -14.737 -14.332 -14.022 -13.314 
0.80808 -13.465 -14.648 -15.087 -15.164 -14.949 -15.088 -14.528 -14.062 -13.872 
1.01010 -13.107 -14.537 -15.053 -15.119 -15.041 -14.940 -14.669 -14.354 -14.314 
1.21212 -12.682 -14.239 -14.795 -14.924 -14.980 -14.866 -14.539 -14.523 -14.074 
1.41414 -11.925 -13.700 -14.391 -14.650 -14.674 -14.684 -14.581 -14.293 -14.045 
1.61616 -11.254 -13.161 -13.901 -14.269 -14.452 -14.458 -14.410 -14.323 -13.859 
1.81818 -10.667 -12.734 -13.579 -14.032 -14.230 -14.307 -14.129 -14.019 -14.029 
2.02020 -10.120 -12.263 -13.200 -13.740 -14.102 -14.070 -14.078 -14.082 -13.861 
2.22222 -9.644 -11.951 -12.908 -13.481 -13.799 -13.985 -13.926 -13.958 -13.870 
2.42424 -9.387 -11.498 -12.690 -13.305 -13.630 -13.780 -13.787 -13.731 -13.748 
2.62626 -8.920 -11.104 -12.388 -13.070 -13.494 -13.649 -13.676 -13.633 -13.736 
2.82828 -8.596 -10.843 -12.106 -12.835 -13.400 -13.474 -13.469 -13.681 -13.600 
3.03030 -8.094 -10.569 -11.881 -12.652 -13.184 -13.207 -13.405 -13.600 -13.554 
3.23232 -7.945 -10.205 -11.629 -12.506 -13.058 -13.198 -13.292 -13.364 -13.486 
3.43434 -7.556 -9.942 -11.416 -12.313 -12.815 -12.997 -13.144 -13.324 -13.349 
3.63636 -6.923 -9.652 -11.213 -12.088 -12.631 -12.884 -13.025 -13.148 -13.264 
3.83838 -6.615 -9.386 -10.934 -11.934 -12.492 -12.673 -12.894 -13.132 -13.251 
4.04040 -6.331 -9.031 -10.773 -11.840 -12.342 -12.536 -12.762 -12.958 -13.123 
4.24242 -6.145 -8.954 -10.543 -11.658 -12.226 -12.469 -12.613 -12.862 -13.026 
4.44444 -5.729 -8.604 -10.389 -11.567 -12.095 -12.386 -12.475 -12.833 -12.900 
4.64646 -5.379 -8.451 -10.139 -11.300 -11.999 -12.232 -12.382 -12.667 -12.809 
4.84848 -5.335 -8.201 -10.067 -11.265 -11.858 -12.071 -12.266 -12.560 -12.783 
5.05051 -4.973 -7.882 -9.988 -11.173 -11.742 -11.961 -12.218 -12.456 -12.674 
5.25253 -4.465 -7.775 -9.716 -11.005 -11.647 -11.901 -12.120 -12.414 -12.616 
5.45455 -4.366 -7.585 -9.647 -10.876 -11.533 -11.735 -11.942 -12.368 -12.435 
5.65657 -4.098 -7.383 -9.533 -10.772 -11.461 -11.626 -11.911 -12.191 -12.460 
5.85859 -3.728 -7.159 -9.313 -10.693 -11.390 -11.598 -11.802 -12.190 -12.351 
6.06061 -4.042 -6.953 -9.170 -10.555 -11.286 -11.455 -11.775 -12.070 -12.329 
6.26263 -3.218 -6.556 -9.034 -10.408 -11.195 -11.384 -11.698 -12.030 -12.227 
6.46465 -3.161 -6.522 -8.898 -10.325 -11.028 -11.348 -11.610 -11.918 -12.159 
6.66667 -3.183 -6.477 -8.797 -10.288 -11.022 -11.254 -11.498 -11.819 -12.148 
6.86869 -2.520 -6.257 -8.629 -10.198 -10.979 -11.245 -11.498 -11.794 -12.109 
7.07071 -2.481 -6.115 -8.658 -10.081 -10.907 -11.131 -11.448 -11.751 -12.049 
7.27273 -1.723 -6.035 -8.473 -10.026 -10.752 -11.056 -11.310 -11.647 -11.946 
7.47475 -2.045 -5.680 -8.350 -9.920 -10.719 -10.990 -11.333 -11.609 -11.926 
7.67677 -1.560 -5.699 -8.197 -9.881 -10.653 -10.890 -11.215 -11.624 -11.838 
7.87879 -1.177 -5.204 -8.104 -9.745 -10.543 -10.798 -11.177 -11.523 -11.757 
8.08081 -0.916 -5.276 -7.968 -9.626 -10.477 -10.755 -11.097 -11.428 -11.785 
8.28283 -0.657 -5.115 -7.853 -9.572 -10.405 -10.660 -11.024 -11.405 -11.707 
8.48485 -0.596 -5.131 -7.843 -9.454 -10.268 -10.495 -10.943 -11.333 -11.670 
8.68687 -0.819 -4.694 -7.673 -9.391 -10.123 -10.501 -10.883 -11.263 -11.576 
8.88889 -0.398 -4.683 -7.532 -9.277 -10.094 -10.388 -10.832 -11.225 -11.468 
9.09091 0.297 -4.481 -7.423 -9.224 -10.076 -10.358 -10.757 -11.117 -11.412 
9.29293 0.479 -4.205 -7.312 -9.109 -9.951 -10.245 -10.646 -11.075 -11.380 
9.49495 0.576 -4.432 -7.201 -8.972 -9.824 -10.085 -10.558 -11.006 -11.460 
9.69697 0.892 -4.280 -7.260 -8.990 -9.797 -10.071 -10.616 -11.012 -11.254 
9.89899 1.230 -4.084 -6.992 -8.789 -9.677 -9.972 -10.499 -10.965 -11.290 
10.10101 0.855 -3.812 -6.929 -8.702 -9.562 -9.891 -10.455 -10.892 -11.158 
10.30303 1.650 -3.519 -6.850 -8.621 -9.463 -9.836 -10.325 -10.776 -11.153 
10.50505 1.524 -3.546 -6.734 -8.532 -9.422 -9.706 -10.236 -10.698 -11.074 
10.70707 2.244 -3.543 -6.745 -8.471 -9.334 -9.688 -10.254 -10.683 -11.063 
10.90909 2.488 -3.091 -6.492 -8.426 -9.280 -9.603 -10.163 -10.673 -11.004 
11.11111 2.093 -3.115 -6.341 -8.272 -9.189 -9.508 -10.127 -10.535 -11.007 
11.31313 2.824 -3.035 -6.386 -8.202 -9.061 -9.396 -10.077 -10.550 -10.957 
11.51515 3.056 -3.151 -6.281 -8.148 -8.981 -9.301 -9.949 -10.490 -10.938 
11.71717 3.163 -2.781 -5.998 -7.988 -8.848 -9.285 -9.872 -10.511 -10.923 
11.91919 2.635 -2.560 -5.986 -7.964 -8.945 -9.180 -9.820 -10.504 -10.830 
12.12121 3.686 -2.607 -6.037 -7.874 -8.797 -9.211 -9.833 -10.408 -10.768 
12.32323 3.749 -2.156 -5.899 -7.777 -8.641 -9.138 -9.706 -10.333 -10.743 
12.52525 3.303 -2.495 -5.842 -7.682 -8.557 -8.977 -9.700 -10.327 -10.794 
12.72727 3.987 -2.505 -5.653 -7.591 -8.513 -8.908 -9.602 -10.265 -10.557 
12.92929 3.512 -2.145 -5.697 -7.556 -8.412 -8.843 -9.595 -10.218 -10.626 
13.13131 4.850 -2.248 -5.503 -7.409 -8.384 -8.847 -9.506 -10.169 -10.605 
13.33333 4.613 -2.057 -5.414 -7.348 -8.265 -8.697 -9.494 -10.134 -10.568 
13.53535 4.546 -1.604 -5.496 -7.332 -8.221 -8.663 -9.495 -10.087 -10.567 
13.73737 5.103 -1.796 -5.238 -7.164 -8.253 -8.518 -9.384 -10.066 -10.535 
13.93939 5.251 -2.198 -5.081 -7.155 -8.182 -8.608 -9.382 -10.023 -10.419 
14.14141 5.042 -1.413 -4.878 -7.177 -8.088 -8.492 -9.262 -10.011 -10.436 
14.34343 5.893 -1.766 -4.909 -6.958 -7.956 -8.527 -9.244 -9.915 -10.396 
14.54545 6.002 -0.759 -4.847 -6.822 -7.885 -8.321 -9.134 -9.930 -10.345 
14.74747 6.171 -1.353 -4.987 -6.885 -7.782 -8.201 -9.105 -9.896 -10.316 
14.94949 6.670 -1.581 -4.802 -6.683 -7.787 -8.166 -9.088 -9.786 -10.275 
15.15152 6.847 -1.907 -4.688 -6.625 -7.717 -8.199 -8.918 -9.748 -10.196 
15.35354 5.394 -0.672 -4.442 -6.588 -7.607 -8.038 -8.928 -9.735 -10.162 
15.55556 7.147 -1.060 -4.515 -6.572 -7.546 -8.107 -8.946 -9.664 -10.215 
15.75758 5.911 -0.280 -4.323 -6.441 -7.454 -8.019 -8.848 -9.626 -10.162 
15.95960 6.044 -0.920 -4.202 -6.385 -7.447 -7.816 -8.745 -9.604 -10.171 
16.16162 7.303 -1.104 -4.182 -6.172 -7.319 -7.805 -8.749 -9.516 -10.101 
16.36364 7.902 -0.772 -3.931 -6.206 -7.223 -7.829 -8.680 -9.564 -10.118 
16.56566 4.919 -0.700 -4.042 -6.165 -7.247 -7.752 -8.619 -9.523 -9.957 
16.76768 7.611 -0.209 -3.991 -6.114 -7.082 -7.684 -8.624 -9.471 -9.972 
16.96970 7.127 -0.307 -3.881 -5.889 -6.961 -7.611 -8.558 -9.367 -9.992 
17.17172 7.251 -0.389 -3.961 -5.903 -6.956 -7.338 -8.459 -9.400 -9.970 
17.37374 5.143 -0.265 -3.860 -5.843 -6.882 -7.257 -8.359 -9.261 -9.932 
17.57576 8.427 0.053 -3.645 -5.911 -6.995 -7.369 -8.362 -9.297 -9.890 
17.77778 8.204 0.551 -3.463 -5.716 -6.744 -7.254 -8.308 -9.227 -9.844 
17.97980 6.203 0.354 -3.434 -5.475 -6.603 -7.262 -8.222 -9.293 -9.913 
18.18182 6.979 0.908 -3.318 -5.582 -6.460 -7.042 -8.205 -9.130 -9.860 
18.38384 9.354 0.459 -3.163 -5.334 -6.530 -7.019 -8.136 -9.089 -9.742 
18.58586 8.349 0.322 -3.125 -5.382 -6.447 -7.112 -8.069 -9.109 -9.713 
18.78788 9.926 0.805 -3.368 -5.213 -6.333 -7.005 -8.152 -9.112 -9.681 
18.98990 7.801 1.138 -2.665 -5.319 -6.361 -6.849 -8.041 -9.008 -9.610 
19.19192 7.445 1.118 -3.063 -5.262 -6.386 -6.731 -7.982 -8.988 -9.631 
19.39394 8.655 0.070 -2.761 -5.369 -6.005 -6.781 -7.871 -8.869 -9.604 
19.59596 9.203 1.034 -3.153 -4.816 -6.023 -6.600 -7.816 -8.841 -9.453 
19.79798 7.025 1.606 -2.715 -4.930 -6.122 -6.712 -7.639 -8.733 -9.327 
20.00000 9.517 0.774 -2.527 -4.640 -5.529 -6.203 -7.489 -8.538 -9.228 
