# t[days] u g r i z y J H K
0.20202 -11.108 -12.202 -10.731 -11.027 -10.245 -11.269 -10.561 -5.644 -4.966 
0.40404 -13.699 -13.823 -14.460 -14.044 -14.530 -13.842 -13.667 -12.606 -11.038 
0.60606 -13.874 -14.637 -14.982 -14.893 -14.984 -14.940 -14.000 -13.865 -13.782 
0.80808 -13.966 -14.810 -15.265 -15.288 -15.222 -15.135 -14.720 -14.408 -13.777 
1.01010 -13.774 -14.822 -15.372 -15.307 -15.308 -15.194 -14.741 -14.506 -14.505 
1.21212 -13.289 -14.660 -15.236 -15.322 -15.184 -15.105 -15.049 -14.628 -14.386 
1.41414 -12.662 -14.287 -14.941 -15.234 -15.100 -15.074 -15.061 -14.704 -14.522 
1.61616 -12.015 -13.929 -14.665 -15.014 -15.029 -14.871 -14.877 -14.868 -14.579 
1.81818 -11.647 -13.547 -14.348 -14.667 -14.857 -14.890 -14.698 -14.813 -14.304 
2.02020 -11.202 -12.989 -14.036 -14.512 -14.504 -14.593 -14.574 -14.580 -14.379 
2.22222 -10.587 -12.508 -13.699 -14.171 -14.418 -14.466 -14.387 -14.575 -14.169 
2.42424 -10.236 -12.261 -13.304 -13.855 -14.128 -14.147 -14.324 -14.503 -14.407 
2.62626 -10.091 -11.743 -12.893 -13.615 -14.095 -14.105 -14.133 -14.276 -14.211 
2.82828 -9.758 -11.408 -12.676 -13.355 -13.788 -14.007 -14.079 -14.220 -14.119 
3.03030 -9.439 -11.118 -12.417 -13.204 -13.626 -13.795 -14.014 -14.187 -14.163 
3.23232 -9.192 -10.689 -12.318 -13.041 -13.584 -13.630 -13.881 -13.902 -14.057 
3.43434 -8.930 -10.627 -11.894 -12.826 -13.401 -13.520 -13.849 -14.029 -13.904 
3.63636 -8.686 -10.296 -11.711 -12.641 -13.203 -13.394 -13.686 -13.912 -13.966 
3.83838 -8.419 -10.060 -11.376 -12.400 -13.083 -13.302 -13.584 -13.801 -13.884 
4.04040 -8.215 -9.711 -11.208 -12.346 -12.979 -13.272 -13.428 -13.728 -13.875 
4.24242 -8.038 -9.413 -10.981 -12.138 -12.835 -13.160 -13.376 -13.668 -13.796 
4.44444 -7.776 -9.041 -10.790 -11.954 -12.763 -13.069 -13.376 -13.596 -13.815 
4.64646 -7.537 -9.091 -10.428 -11.827 -12.632 -12.907 -13.201 -13.506 -13.550 
4.84848 -7.310 -8.853 -10.514 -11.736 -12.520 -12.805 -13.126 -13.456 -13.517 
5.05051 -7.076 -8.721 -10.226 -11.711 -12.433 -12.732 -12.974 -13.381 -13.521 
5.25253 -6.838 -8.324 -10.080 -11.362 -12.339 -12.631 -12.908 -13.274 -13.495 
5.45455 -6.581 -8.128 -9.875 -11.366 -12.165 -12.502 -12.854 -13.185 -13.427 
5.65657 -6.351 -7.942 -9.925 -11.226 -12.118 -12.426 -12.795 -13.088 -13.392 
5.85859 -6.201 -7.935 -9.585 -11.174 -11.933 -12.394 -12.601 -12.992 -13.174 
6.06061 -5.954 -7.667 -9.593 -11.059 -11.966 -12.243 -12.580 -12.980 -13.257 
6.26263 -5.734 -7.419 -9.385 -10.953 -11.823 -12.248 -12.495 -12.826 -13.168 
6.46465 -5.560 -7.290 -9.286 -10.747 -11.760 -12.112 -12.412 -12.805 -13.141 
6.66667 -5.309 -6.996 -9.101 -10.695 -11.640 -12.044 -12.423 -12.785 -12.938 
6.86869 -5.131 -6.913 -9.011 -10.612 -11.582 -11.903 -12.293 -12.647 -12.953 
7.07071 -4.880 -6.825 -8.916 -10.594 -11.533 -11.909 -12.236 -12.582 -12.869 
7.27273 -4.655 -6.630 -8.676 -10.366 -11.415 -11.797 -12.114 -12.529 -12.834 
7.47475 -4.664 -6.704 -8.682 -10.414 -11.283 -11.726 -12.103 -12.462 -12.790 
7.67677 -4.240 -6.464 -8.574 -10.298 -11.258 -11.618 -12.064 -12.391 -12.744 
7.87879 -4.032 -6.250 -8.390 -10.216 -11.255 -11.634 -11.942 -12.406 -12.617 
8.08081 -3.884 -6.229 -8.494 -10.128 -11.145 -11.583 -11.932 -12.308 -12.568 
8.28283 -3.677 -6.067 -8.436 -10.095 -11.154 -11.472 -11.875 -12.277 -12.489 
8.48485 -3.496 -5.931 -8.230 -10.085 -10.996 -11.420 -11.821 -12.171 -12.502 
8.68687 -3.309 -5.739 -8.233 -10.014 -10.971 -11.393 -11.801 -12.180 -12.500 
8.88889 -3.145 -5.627 -8.074 -9.911 -10.969 -11.364 -11.695 -12.165 -12.389 
9.09091 -3.036 -5.616 -7.998 -9.899 -10.965 -11.350 -11.682 -12.104 -12.345 
9.29293 -2.890 -5.377 -7.977 -9.768 -10.784 -11.209 -11.639 -12.003 -12.345 
9.49495 -2.761 -5.323 -7.911 -9.735 -10.814 -11.216 -11.636 -11.957 -12.305 
9.69697 -2.953 -5.415 -7.782 -9.682 -10.806 -11.192 -11.602 -11.970 -12.289 
9.89899 -2.490 -5.033 -7.624 -9.602 -10.735 -11.127 -11.532 -11.893 -12.146 
10.10101 -2.343 -5.268 -7.577 -9.588 -10.661 -11.138 -11.599 -11.873 -12.149 
10.30303 -2.203 -4.824 -7.515 -9.505 -10.533 -11.051 -11.455 -11.830 -12.158 
10.50505 -2.056 -4.750 -7.334 -9.435 -10.536 -11.008 -11.501 -11.831 -12.082 
10.70707 -1.922 -4.482 -7.440 -9.417 -10.505 -11.005 -11.428 -11.796 -12.124 
10.90909 -1.764 -4.568 -7.330 -9.317 -10.414 -10.978 -11.370 -11.779 -12.083 
11.11111 -1.601 -4.480 -7.217 -9.302 -10.374 -10.915 -11.359 -11.780 -12.049 
11.31313 -1.447 -4.115 -7.096 -9.138 -10.342 -10.841 -11.267 -11.706 -11.999 
11.51515 -1.228 -4.077 -7.097 -9.143 -10.259 -10.820 -11.245 -11.672 -11.988 
11.71717 -1.119 -4.166 -7.040 -9.062 -10.268 -10.747 -11.283 -11.631 -11.912 
11.91919 -0.914 -3.824 -7.110 -9.034 -10.215 -10.686 -11.188 -11.625 -11.862 
12.12121 -0.774 -3.917 -6.858 -8.935 -10.110 -10.710 -11.166 -11.579 -11.847 
12.32323 -0.633 -3.720 -6.836 -8.852 -10.038 -10.644 -11.121 -11.594 -11.827 
12.52525 -0.509 -3.806 -6.621 -8.786 -10.036 -10.619 -11.089 -11.507 -11.832 
12.72727 -0.393 -3.241 -6.612 -8.737 -9.990 -10.539 -11.075 -11.466 -11.743 
12.92929 -0.126 -3.245 -6.432 -8.673 -9.920 -10.491 -10.993 -11.457 -11.740 
13.13131 -0.037 -3.171 -6.506 -8.639 -9.876 -10.400 -10.983 -11.401 -11.704 
13.33333 0.158 -3.265 -6.313 -8.480 -9.787 -10.344 -10.975 -11.384 -11.641 
13.53535 0.292 -3.312 -6.405 -8.541 -9.711 -10.255 -10.865 -11.375 -11.607 
13.73737 0.530 -3.079 -6.238 -8.527 -9.740 -10.251 -10.876 -11.313 -11.635 
13.93939 0.718 -2.966 -6.193 -8.400 -9.593 -10.219 -10.799 -11.316 -11.623 
14.14141 0.799 -2.554 -6.016 -8.299 -9.573 -10.124 -10.721 -11.311 -11.564 
14.34343 1.007 -2.391 -6.391 -8.212 -9.408 -10.023 -10.704 -11.210 -11.621 
14.54545 1.250 -2.227 -5.903 -8.147 -9.419 -10.009 -10.665 -11.227 -11.519 
14.74747 1.355 -2.325 -5.719 -8.058 -9.332 -9.982 -10.675 -11.171 -11.481 
14.94949 1.533 -1.928 -5.743 -7.990 -9.257 -9.935 -10.597 -11.080 -11.455 
15.15152 0.782 -2.266 -5.669 -7.913 -9.206 -9.890 -10.548 -11.085 -11.362 
15.35354 1.806 -1.809 -5.648 -7.879 -9.126 -9.871 -10.452 -11.008 -11.372 
15.55556 2.097 -1.756 -5.466 -7.859 -9.191 -9.798 -10.455 -10.966 -11.369 
15.75758 2.172 -1.587 -5.385 -7.762 -9.111 -9.645 -10.408 -11.017 -11.304 
15.95960 2.050 -1.693 -5.315 -7.586 -8.973 -9.638 -10.307 -10.928 -11.315 
16.16162 2.483 -0.972 -5.345 -7.688 -8.928 -9.554 -10.316 -10.855 -11.235 
16.36364 2.686 -1.304 -4.944 -7.517 -8.878 -9.497 -10.235 -10.833 -11.268 
16.56566 2.664 -1.174 -5.137 -7.429 -8.859 -9.482 -10.195 -10.777 -11.200 
16.76768 1.159 -0.844 -5.049 -7.324 -8.696 -9.371 -10.156 -10.718 -11.119 
16.96970 3.104 -1.137 -4.713 -7.332 -8.680 -9.277 -10.043 -10.741 -11.062 
17.17172 3.285 -1.303 -4.618 -7.282 -8.607 -9.310 -10.031 -10.667 -11.099 
17.37374 3.417 -0.537 -4.892 -7.326 -8.496 -9.157 -9.983 -10.711 -11.034 
17.57576 3.493 -0.669 -4.682 -7.029 -8.495 -9.127 -9.959 -10.616 -11.056 
17.77778 3.709 -0.826 -4.630 -7.063 -8.403 -9.124 -9.873 -10.534 -11.007 
17.97980 4.053 -0.558 -4.546 -6.874 -8.331 -9.016 -9.870 -10.596 -10.965 
18.18182 4.126 -0.435 -4.415 -6.977 -8.211 -8.890 -9.804 -10.523 -10.945 
18.38384 4.371 -0.282 -4.335 -6.815 -8.177 -8.951 -9.756 -10.436 -10.909 
18.58586 4.318 -0.421 -4.251 -6.836 -8.170 -8.821 -9.741 -10.497 -10.887 
18.78788 4.465 0.187 -4.006 -6.730 -8.129 -8.770 -9.657 -10.397 -10.842 
18.98990 4.580 -0.228 -4.392 -6.772 -8.090 -8.706 -9.626 -10.385 -10.836 
19.19192 4.752 -0.154 -3.898 -6.741 -7.968 -8.552 -9.614 -10.314 -10.722 
19.39394 4.857 0.867 -4.074 -6.673 -7.917 -8.672 -9.575 -10.299 -10.705 
19.59596 5.070 0.861 -3.840 -6.543 -7.894 -8.520 -9.423 -10.226 -10.654 
19.79798 5.400 1.258 -3.690 -6.300 -7.672 -8.488 -9.361 -10.127 -10.540 
20.00000 5.689 0.648 -3.352 -5.964 -7.534 -8.256 -9.176 -9.931 -10.405 
