# t[days] u g r i z y J H K
0.20202 -12.349 -12.333 -12.905 -13.227 -11.152 -9.956 -7.623 -7.906 -8.488 
0.40404 -13.759 -14.176 -14.283 -13.594 -13.364 -13.731 -13.722 -12.878 -9.791 
0.60606 -13.702 -14.796 -14.965 -15.223 -14.954 -14.778 -14.490 -12.943 -12.871 
0.80808 -13.766 -14.637 -15.273 -15.310 -15.297 -14.894 -14.743 -13.821 -13.531 
1.01010 -13.427 -14.924 -15.320 -15.488 -15.474 -15.189 -15.335 -14.745 -14.479 
1.21212 -12.881 -14.603 -15.431 -15.497 -15.368 -15.253 -15.463 -15.384 -15.144 
1.41414 -12.595 -14.650 -15.435 -15.612 -15.710 -15.387 -15.469 -15.240 -15.095 
1.61616 -12.289 -14.228 -15.042 -15.331 -15.278 -15.482 -15.549 -15.242 -15.318 
1.81818 -11.808 -14.135 -14.982 -15.226 -15.289 -15.463 -15.436 -15.652 -15.035 
2.02020 -11.617 -13.634 -14.654 -15.169 -15.423 -15.357 -15.346 -15.351 -15.419 
2.22222 -11.285 -13.066 -14.445 -14.859 -15.288 -15.297 -15.259 -15.384 -15.288 
2.42424 -11.186 -12.779 -14.018 -14.728 -15.150 -15.280 -15.133 -15.158 -15.388 
2.62626 -11.214 -12.570 -13.851 -14.366 -14.947 -15.179 -15.208 -15.329 -15.276 
2.82828 -10.847 -12.241 -13.401 -14.248 -14.835 -14.997 -15.168 -15.220 -15.099 
3.03030 -10.676 -11.978 -13.408 -14.131 -14.797 -15.071 -15.030 -15.045 -15.234 
3.23232 -10.536 -11.743 -13.124 -14.070 -14.712 -14.901 -14.944 -14.953 -14.977 
3.43434 -10.368 -11.519 -12.886 -13.856 -14.632 -14.869 -14.827 -15.112 -14.922 
3.63636 -10.213 -11.403 -12.753 -13.755 -14.324 -14.722 -14.764 -14.815 -14.879 
3.83838 -9.980 -11.025 -12.515 -13.472 -14.264 -14.551 -14.766 -14.787 -14.724 
4.04040 -9.796 -11.000 -12.421 -13.466 -14.238 -14.499 -14.618 -14.774 -14.549 
4.24242 -9.642 -10.793 -12.243 -13.467 -14.181 -14.503 -14.496 -14.650 -14.650 
4.44444 -9.430 -10.748 -12.067 -13.226 -14.062 -14.371 -14.487 -14.480 -14.579 
4.64646 -9.280 -10.697 -12.015 -13.235 -13.970 -14.287 -14.430 -14.508 -14.264 
4.84848 -9.105 -10.307 -11.928 -13.110 -13.889 -14.113 -14.386 -14.406 -14.445 
5.05051 -8.950 -10.444 -11.682 -12.989 -13.814 -14.198 -14.226 -14.379 -14.383 
5.25253 -8.774 -10.161 -11.780 -12.960 -13.744 -14.059 -14.202 -14.309 -14.256 
5.45455 -8.719 -10.043 -11.598 -12.800 -13.583 -13.969 -14.174 -14.144 -14.332 
5.65657 -8.534 -10.124 -11.607 -12.773 -13.517 -13.857 -14.075 -14.077 -14.267 
5.85859 -8.376 -9.869 -11.420 -12.620 -13.496 -13.852 -13.932 -14.060 -14.066 
6.06061 -8.153 -9.704 -11.401 -12.588 -13.346 -13.662 -13.964 -13.921 -14.013 
6.26263 -8.009 -9.700 -11.352 -12.620 -13.398 -13.662 -13.824 -13.850 -13.736 
6.46465 -7.840 -9.578 -11.185 -12.503 -13.274 -13.600 -13.718 -13.748 -13.966 
6.66667 -7.699 -9.631 -11.371 -12.363 -13.247 -13.622 -13.668 -13.845 -13.857 
6.86869 -7.561 -9.475 -11.108 -12.373 -13.186 -13.571 -13.603 -13.812 -13.852 
7.07071 -7.359 -9.243 -10.893 -12.272 -13.159 -13.349 -13.561 -13.680 -13.759 
7.27273 -7.276 -9.289 -10.995 -12.170 -12.979 -13.402 -13.489 -13.612 -13.613 
7.47475 -7.238 -9.095 -10.891 -12.132 -12.998 -13.304 -13.329 -13.483 -13.450 
7.67677 -6.866 -9.026 -10.829 -12.054 -12.830 -13.252 -13.363 -13.512 -13.526 
7.87879 -6.758 -8.924 -10.649 -12.035 -12.846 -13.142 -13.367 -13.387 -13.527 
8.08081 -6.537 -8.773 -10.526 -11.853 -12.738 -13.123 -13.291 -13.335 -13.329 
8.28283 -6.346 -8.773 -10.524 -11.799 -12.663 -13.023 -13.244 -13.292 -13.404 
8.48485 -6.097 -8.734 -10.502 -11.833 -12.571 -12.994 -13.151 -13.255 -13.376 
8.68687 -6.008 -8.508 -10.377 -11.682 -12.600 -12.963 -13.077 -13.166 -13.169 
8.88889 -6.071 -8.322 -10.327 -11.610 -12.461 -12.874 -13.023 -13.203 -13.228 
9.09091 -5.644 -8.267 -10.171 -11.546 -12.376 -12.791 -12.965 -13.074 -13.135 
9.29293 -5.654 -8.136 -9.968 -11.442 -12.312 -12.718 -12.948 -12.995 -13.052 
9.49495 -5.506 -8.119 -10.069 -11.414 -12.185 -12.709 -12.838 -12.926 -12.953 
9.69697 -5.263 -7.984 -9.800 -11.369 -12.139 -12.584 -12.811 -12.945 -12.952 
9.89899 -4.999 -7.934 -9.649 -11.292 -12.061 -12.503 -12.716 -12.911 -12.959 
10.10101 -5.105 -7.615 -9.639 -11.174 -12.086 -12.498 -12.733 -12.790 -12.770 
10.30303 -4.732 -7.476 -9.563 -11.237 -11.974 -12.377 -12.689 -12.851 -12.838 
10.50505 -4.750 -7.256 -9.535 -10.984 -11.947 -12.407 -12.611 -12.765 -12.822 
10.70707 -4.609 -7.014 -9.393 -10.900 -11.863 -12.280 -12.608 -12.773 -12.802 
10.90909 -4.356 -7.115 -9.296 -10.871 -11.774 -12.169 -12.607 -12.724 -12.705 
11.11111 -4.425 -6.859 -9.185 -10.794 -11.708 -12.161 -12.476 -12.642 -12.723 
11.31313 -4.098 -6.914 -9.184 -10.686 -11.605 -12.132 -12.439 -12.715 -12.627 
11.51515 -4.027 -6.766 -9.099 -10.819 -11.649 -12.044 -12.390 -12.594 -12.638 
11.71717 -3.948 -6.499 -8.944 -10.574 -11.554 -12.048 -12.403 -12.606 -12.675 
11.91919 -3.686 -6.582 -9.034 -10.475 -11.477 -11.933 -12.315 -12.566 -12.603 
12.12121 -3.760 -6.383 -8.689 -10.410 -11.412 -11.929 -12.296 -12.503 -12.577 
12.32323 -3.415 -6.285 -8.666 -10.332 -11.381 -11.861 -12.270 -12.490 -12.592 
12.52525 -3.130 -6.000 -8.501 -10.224 -11.286 -11.861 -12.269 -12.450 -12.507 
12.72727 -2.836 -6.034 -8.475 -10.224 -11.350 -11.767 -12.210 -12.469 -12.560 
12.92929 -2.744 -5.886 -8.403 -10.245 -11.227 -11.690 -12.192 -12.469 -12.581 
13.13131 -2.716 -5.920 -8.364 -10.097 -11.164 -11.724 -12.166 -12.410 -12.521 
13.33333 -2.385 -5.804 -8.158 -10.025 -11.140 -11.705 -12.150 -12.398 -12.419 
13.53535 -2.266 -5.724 -8.185 -9.992 -11.072 -11.637 -12.097 -12.393 -12.479 
13.73737 -2.107 -5.876 -8.118 -9.929 -10.985 -11.552 -12.098 -12.396 -12.419 
13.93939 -2.032 -5.472 -8.052 -9.838 -10.987 -11.529 -12.104 -12.376 -12.423 
14.14141 -2.121 -5.090 -7.865 -9.868 -10.913 -11.521 -12.016 -12.363 -12.404 
14.34343 -1.795 -5.313 -7.702 -9.807 -10.846 -11.418 -11.965 -12.336 -12.410 
14.54545 -1.768 -5.015 -7.787 -9.702 -10.861 -11.397 -11.967 -12.307 -12.390 
14.74747 -1.748 -4.943 -7.695 -9.614 -10.759 -11.296 -11.986 -12.267 -12.390 
14.94949 -1.526 -4.847 -7.470 -9.563 -10.803 -11.354 -11.909 -12.266 -12.399 
15.15152 -1.402 -4.688 -8.014 -9.488 -10.662 -11.263 -11.932 -12.271 -12.386 
15.35354 -1.674 -4.345 -7.401 -9.453 -10.566 -11.198 -11.855 -12.250 -12.369 
15.55556 -1.600 -4.368 -7.340 -9.351 -10.599 -11.264 -11.855 -12.220 -12.329 
15.75758 -1.231 -4.064 -7.296 -9.294 -10.543 -11.166 -11.778 -12.205 -12.349 
15.95960 -1.114 -4.401 -7.165 -9.232 -10.467 -11.167 -11.761 -12.193 -12.289 
16.16162 -1.084 -4.019 -7.113 -9.208 -10.520 -11.087 -11.776 -12.187 -12.270 
16.36364 -0.932 -4.075 -7.080 -9.179 -10.479 -11.105 -11.749 -12.126 -12.263 
16.56566 -0.819 -3.878 -6.990 -9.158 -10.397 -11.092 -11.759 -12.129 -12.317 
16.76768 -0.729 -3.724 -6.970 -9.135 -10.330 -10.933 -11.643 -12.108 -12.261 
16.96970 -0.593 -3.732 -6.831 -9.062 -10.318 -10.960 -11.653 -12.083 -12.305 
17.17172 -0.555 -3.730 -6.625 -8.899 -10.227 -10.928 -11.617 -12.088 -12.223 
17.37374 -0.588 -3.697 -6.737 -8.846 -10.177 -10.949 -11.593 -12.093 -12.252 
17.57576 -0.320 -3.321 -6.628 -8.782 -10.112 -10.873 -11.568 -12.061 -12.259 
17.77778 -0.140 -3.279 -6.398 -8.732 -10.107 -10.813 -11.537 -12.011 -12.160 
17.97980 -0.060 -3.921 -6.472 -8.780 -10.025 -10.774 -11.431 -12.011 -12.269 
18.18182 0.042 -2.820 -6.407 -8.595 -9.943 -10.807 -11.496 -12.026 -12.171 
18.38384 0.179 -2.679 -6.430 -8.696 -9.937 -10.647 -11.473 -11.989 -12.221 
18.58586 0.358 -3.140 -6.379 -8.508 -9.843 -10.639 -11.402 -11.914 -12.167 
18.78788 0.498 -3.311 -6.187 -8.580 -9.845 -10.634 -11.391 -11.906 -12.136 
18.98990 0.622 -2.649 -5.964 -8.348 -9.841 -10.527 -11.433 -11.824 -12.113 
19.19192 0.781 -2.708 -5.940 -8.345 -9.814 -10.502 -11.248 -11.800 -12.046 
19.39394 0.900 -2.862 -5.866 -8.232 -9.705 -10.442 -11.228 -11.803 -12.017 
19.59596 0.962 -2.182 -5.664 -8.194 -9.581 -10.364 -11.184 -11.707 -12.013 
19.79798 1.016 -2.133 -5.488 -8.140 -9.502 -10.260 -11.048 -11.705 -11.891 
20.00000 1.341 -1.949 -5.291 -7.857 -9.552 -10.107 -11.010 -11.566 -11.820 
