# t[days] u g r i z y J H K
0.20202 -11.370 -12.665 -10.861 -11.620 -9.822 -13.016 -10.366 -5.542 -5.045 
0.40404 -14.215 -14.732 -15.005 -14.440 -14.475 -14.484 -13.860 -12.610 -12.672 
0.60606 -14.432 -15.383 -15.742 -15.636 -15.611 -15.198 -14.505 -14.628 -14.446 
0.80808 -14.564 -15.689 -16.207 -15.980 -16.091 -15.784 -15.380 -14.984 -14.473 
1.01010 -14.465 -15.831 -16.302 -16.181 -16.003 -16.044 -15.658 -15.248 -15.077 
1.21212 -14.031 -15.722 -16.272 -16.179 -16.077 -15.924 -15.851 -15.460 -15.049 
1.41414 -13.746 -15.435 -16.081 -16.095 -16.064 -16.092 -15.896 -15.418 -15.154 
1.61616 -13.141 -15.191 -15.741 -15.917 -15.960 -15.960 -15.794 -15.617 -15.128 
1.81818 -12.790 -14.753 -15.498 -15.693 -15.777 -15.831 -15.618 -15.553 -15.127 
2.02020 -12.224 -14.396 -15.165 -15.401 -15.552 -15.681 -15.523 -15.480 -15.194 
2.22222 -11.691 -14.006 -14.816 -15.184 -15.400 -15.510 -15.430 -15.208 -15.042 
2.42424 -11.219 -13.612 -14.471 -14.937 -15.212 -15.308 -15.273 -15.210 -15.000 
2.62626 -11.040 -13.309 -14.153 -14.692 -15.080 -15.133 -15.124 -15.097 -14.934 
2.82828 -10.627 -13.044 -14.078 -14.634 -14.971 -15.131 -15.074 -14.950 -14.854 
3.03030 -10.519 -12.807 -13.896 -14.496 -14.798 -15.001 -14.961 -14.922 -14.928 
3.23232 -10.077 -12.552 -13.724 -14.259 -14.638 -14.790 -14.755 -14.827 -14.702 
3.43434 -9.913 -12.259 -13.467 -13.983 -14.503 -14.649 -14.765 -14.675 -14.670 
3.63636 -9.511 -12.118 -13.227 -13.922 -14.448 -14.548 -14.623 -14.617 -14.573 
3.83838 -9.260 -11.724 -13.094 -13.779 -14.204 -14.422 -14.562 -14.560 -14.484 
4.04040 -9.160 -11.653 -12.934 -13.667 -14.043 -14.303 -14.455 -14.497 -14.574 
4.24242 -8.846 -11.394 -12.719 -13.468 -14.017 -14.221 -14.267 -14.391 -14.510 
4.44444 -8.543 -11.085 -12.490 -13.269 -13.835 -14.068 -14.272 -14.309 -14.310 
4.64646 -8.312 -10.981 -12.299 -13.167 -13.715 -13.949 -14.115 -14.214 -14.199 
4.84848 -8.331 -10.887 -12.210 -13.046 -13.609 -13.841 -14.026 -14.177 -14.178 
5.05051 -7.884 -10.531 -11.960 -12.985 -13.430 -13.725 -13.874 -14.093 -14.131 
5.25253 -7.509 -10.307 -11.771 -12.790 -13.379 -13.641 -13.826 -14.069 -14.026 
5.45455 -7.549 -10.158 -11.684 -12.629 -13.252 -13.511 -13.718 -13.895 -13.979 
5.65657 -7.441 -10.007 -11.651 -12.533 -13.125 -13.391 -13.615 -13.807 -13.877 
5.85859 -7.076 -9.847 -11.376 -12.447 -13.002 -13.298 -13.515 -13.699 -13.799 
6.06061 -6.598 -9.611 -11.253 -12.265 -12.935 -13.210 -13.434 -13.636 -13.752 
6.26263 -6.449 -9.360 -11.186 -12.181 -12.743 -13.043 -13.339 -13.532 -13.681 
6.46465 -6.086 -9.158 -10.888 -12.013 -12.687 -13.056 -13.232 -13.400 -13.612 
6.66667 -5.851 -9.102 -10.790 -11.925 -12.615 -12.950 -13.168 -13.374 -13.573 
6.86869 -5.771 -8.882 -10.667 -11.863 -12.534 -12.839 -13.062 -13.287 -13.432 
7.07071 -5.601 -8.739 -10.528 -11.709 -12.350 -12.694 -12.978 -13.247 -13.363 
7.27273 -5.458 -8.558 -10.452 -11.598 -12.282 -12.640 -12.884 -13.198 -13.266 
7.47475 -5.158 -8.417 -10.260 -11.480 -12.170 -12.554 -12.814 -13.036 -13.338 
7.67677 -4.867 -8.170 -10.085 -11.335 -12.178 -12.447 -12.768 -12.989 -13.192 
7.87879 -4.977 -8.159 -10.123 -11.342 -12.048 -12.366 -12.704 -12.972 -13.159 
8.08081 -4.091 -7.874 -9.884 -11.209 -11.971 -12.290 -12.652 -12.923 -13.113 
8.28283 -4.578 -7.547 -9.703 -11.140 -11.880 -12.205 -12.576 -12.891 -13.042 
8.48485 -3.920 -7.365 -9.671 -10.991 -11.782 -12.190 -12.471 -12.763 -12.935 
8.68687 -3.731 -7.393 -9.547 -10.981 -11.817 -12.066 -12.462 -12.804 -12.945 
8.88889 -3.728 -7.067 -9.422 -10.854 -11.768 -12.122 -12.342 -12.720 -12.925 
9.09091 -3.753 -6.999 -9.351 -10.890 -11.597 -12.037 -12.334 -12.674 -12.899 
9.29293 -3.810 -7.015 -9.225 -10.713 -11.667 -11.938 -12.330 -12.574 -12.787 
9.49495 -3.039 -7.104 -9.222 -10.607 -11.561 -11.959 -12.304 -12.554 -12.766 
9.69697 -2.946 -7.134 -9.018 -10.574 -11.461 -11.854 -12.229 -12.516 -12.748 
9.89899 -2.847 -6.276 -8.906 -10.575 -11.420 -11.830 -12.197 -12.458 -12.714 
10.10101 -2.671 -6.450 -8.781 -10.407 -11.310 -11.711 -12.095 -12.465 -12.666 
10.30303 -2.449 -6.148 -8.611 -10.317 -11.237 -11.672 -12.093 -12.421 -12.607 
10.50505 -2.086 -6.016 -8.621 -10.304 -11.259 -11.641 -12.088 -12.349 -12.647 
10.70707 -2.081 -5.786 -8.505 -10.210 -11.096 -11.615 -12.007 -12.349 -12.554 
10.90909 -1.810 -5.576 -8.388 -10.115 -11.102 -11.564 -11.949 -12.238 -12.553 
11.11111 -1.964 -5.637 -8.371 -10.081 -11.008 -11.475 -11.873 -12.227 -12.480 
11.31313 -1.490 -5.377 -8.218 -10.049 -10.943 -11.450 -11.862 -12.208 -12.435 
11.51515 -1.369 -5.331 -8.217 -9.893 -10.903 -11.320 -11.848 -12.179 -12.392 
11.71717 -1.471 -5.170 -8.045 -9.844 -10.820 -11.367 -11.760 -12.170 -12.371 
11.91919 -0.932 -4.941 -8.000 -9.749 -10.785 -11.283 -11.748 -12.087 -12.346 
12.12121 -0.784 -5.144 -7.842 -9.682 -10.709 -11.248 -11.724 -12.079 -12.331 
12.32323 -1.206 -4.658 -7.630 -9.590 -10.739 -11.195 -11.640 -12.043 -12.302 
12.52525 -0.585 -4.516 -7.636 -9.513 -10.596 -11.113 -11.604 -12.036 -12.209 
12.72727 -0.311 -4.448 -7.563 -9.465 -10.562 -11.078 -11.594 -11.951 -12.170 
12.92929 -0.191 -4.540 -7.507 -9.423 -10.557 -10.991 -11.507 -11.903 -12.218 
13.13131 -0.024 -4.477 -7.483 -9.345 -10.355 -10.920 -11.435 -11.871 -12.099 
13.33333 0.167 -4.284 -7.514 -9.301 -10.369 -10.892 -11.482 -11.891 -12.076 
13.53535 0.295 -3.831 -7.142 -9.153 -10.218 -10.760 -11.396 -11.817 -12.096 
13.73737 0.443 -3.768 -7.090 -9.062 -10.264 -10.822 -11.350 -11.746 -12.050 
13.93939 0.608 -3.872 -7.101 -9.040 -10.115 -10.687 -11.330 -11.762 -12.037 
14.14141 0.720 -3.376 -6.833 -8.942 -10.138 -10.633 -11.220 -11.667 -12.044 
14.34343 0.975 -3.302 -7.053 -8.836 -10.000 -10.509 -11.154 -11.697 -11.902 
14.54545 1.226 -3.406 -6.704 -8.738 -9.880 -10.522 -11.143 -11.643 -11.891 
14.74747 1.357 -3.186 -6.528 -8.674 -9.842 -10.369 -11.096 -11.528 -11.856 
14.94949 1.531 -3.202 -6.604 -8.601 -9.798 -10.382 -10.973 -11.508 -11.806 
15.15152 1.688 -2.765 -6.451 -8.543 -9.709 -10.278 -11.020 -11.489 -11.766 
15.35354 1.825 -2.499 -6.343 -8.454 -9.686 -10.279 -10.925 -11.447 -11.729 
15.55556 1.997 -2.853 -6.229 -8.496 -9.592 -10.214 -10.846 -11.430 -11.693 
15.75758 2.080 -2.991 -6.170 -8.353 -9.470 -10.136 -10.827 -11.378 -11.703 
15.95960 2.186 -2.433 -6.235 -8.229 -9.518 -10.099 -10.739 -11.291 -11.723 
16.16162 2.312 -1.946 -6.050 -8.219 -9.401 -9.951 -10.684 -11.271 -11.689 
16.36364 2.542 -1.927 -5.906 -8.016 -9.291 -9.974 -10.675 -11.232 -11.504 
16.56566 2.882 -2.188 -5.745 -8.115 -9.228 -9.869 -10.612 -11.137 -11.510 
16.76768 2.959 -1.996 -5.773 -7.917 -9.185 -9.797 -10.533 -11.200 -11.506 
16.96970 1.075 -2.063 -5.516 -7.855 -9.106 -9.660 -10.422 -11.066 -11.455 
17.17172 3.140 -1.845 -5.233 -7.770 -9.010 -9.733 -10.446 -11.055 -11.427 
17.37374 2.921 -1.444 -5.520 -7.661 -8.999 -9.594 -10.330 -10.992 -11.388 
17.57576 3.603 -0.922 -5.212 -7.677 -8.837 -9.559 -10.380 -11.012 -11.362 
17.77778 3.831 -2.034 -5.418 -7.495 -8.847 -9.502 -10.250 -10.986 -11.300 
17.97980 3.794 -1.010 -5.162 -7.548 -8.720 -9.418 -10.224 -10.881 -11.240 
18.18182 4.228 -1.182 -5.081 -7.402 -8.768 -9.370 -10.164 -10.853 -11.315 
18.38384 4.297 -1.116 -5.037 -7.326 -8.560 -9.221 -10.144 -10.813 -11.248 
18.58586 4.099 -0.338 -4.984 -7.373 -8.617 -9.198 -10.048 -10.773 -11.202 
18.78788 4.468 -0.627 -4.889 -7.151 -8.552 -9.173 -10.064 -10.766 -11.178 
18.98990 4.747 -0.258 -4.832 -7.239 -8.435 -9.092 -9.992 -10.757 -11.070 
19.19192 4.765 -0.912 -4.698 -7.199 -8.296 -9.059 -9.900 -10.660 -11.055 
19.39394 4.838 -1.090 -4.625 -7.089 -8.356 -8.936 -9.893 -10.632 -10.993 
19.59596 5.123 -0.140 -4.478 -6.965 -8.177 -8.899 -9.778 -10.529 -10.957 
19.79798 5.363 0.229 -4.340 -6.696 -8.122 -8.785 -9.637 -10.437 -10.865 
20.00000 5.260 0.273 -3.918 -6.574 -7.894 -8.599 -9.545 -10.313 -10.739 
