# t[days] u g r i z y J H K
0.20202 -10.843 -10.675 -10.363 -11.495 -10.204 -8.059 -13.603 -11.727 -11.595 
0.40404 -13.413 -13.648 -13.951 -14.013 -13.547 -13.552 -12.783 -12.866 -11.510 
0.60606 -13.629 -14.400 -14.649 -14.974 -14.531 -14.180 -13.565 -13.346 -12.671 
0.80808 -13.558 -14.431 -14.700 -14.936 -14.480 -14.566 -14.409 -13.887 -13.157 
1.01010 -13.313 -14.290 -14.798 -14.877 -14.691 -14.545 -14.457 -13.826 -13.292 
1.21212 -12.935 -14.134 -14.635 -14.773 -14.789 -14.389 -14.166 -13.792 -13.603 
1.41414 -12.404 -13.782 -14.403 -14.642 -14.602 -14.492 -14.247 -13.955 -13.712 
1.61616 -11.940 -13.486 -14.163 -14.452 -14.491 -14.386 -14.277 -14.027 -13.806 
1.81818 -11.514 -13.138 -13.963 -14.308 -14.412 -14.284 -14.141 -14.148 -13.797 
2.02020 -10.975 -12.966 -13.819 -14.186 -14.197 -14.202 -14.079 -14.195 -13.933 
2.22222 -10.475 -12.552 -13.484 -13.938 -14.071 -14.041 -14.092 -13.927 -13.794 
2.42424 -9.824 -12.193 -13.215 -13.796 -13.771 -13.784 -13.999 -14.050 -13.828 
2.62626 -9.445 -11.781 -13.013 -13.508 -13.675 -13.685 -13.780 -14.124 -13.794 
2.82828 -9.189 -11.473 -12.768 -13.248 -13.455 -13.517 -13.678 -13.779 -13.779 
3.03030 -8.562 -11.237 -12.444 -13.091 -13.432 -13.423 -13.606 -13.787 -13.746 
3.23232 -7.978 -10.669 -12.106 -12.842 -13.126 -13.188 -13.504 -13.737 -13.715 
3.43434 -7.700 -10.432 -11.945 -12.635 -12.948 -13.035 -13.400 -13.623 -13.691 
3.63636 -7.457 -9.936 -11.609 -12.381 -12.806 -12.949 -13.324 -13.537 -13.649 
3.83838 -6.906 -9.796 -11.379 -12.227 -12.615 -12.769 -13.090 -13.474 -13.637 
4.04040 -6.574 -9.465 -11.087 -11.985 -12.393 -12.589 -13.016 -13.376 -13.564 
4.24242 -6.134 -9.094 -11.005 -11.848 -12.217 -12.365 -12.854 -13.293 -13.507 
4.44444 -6.004 -8.722 -10.716 -11.690 -12.097 -12.332 -12.757 -13.213 -13.454 
4.64646 -5.492 -8.755 -10.516 -11.418 -11.943 -12.043 -12.639 -13.031 -13.413 
4.84848 -5.018 -8.193 -10.268 -11.254 -11.752 -12.039 -12.514 -13.091 -13.319 
5.05051 -4.827 -7.957 -10.133 -11.033 -11.560 -11.789 -12.314 -12.942 -13.262 
5.25253 -4.464 -7.667 -9.746 -10.879 -11.272 -11.696 -12.226 -12.875 -13.140 
5.45455 -5.005 -7.302 -9.653 -10.670 -11.241 -11.466 -12.219 -12.774 -13.191 
5.65657 -3.847 -7.328 -9.333 -10.499 -11.063 -11.307 -11.962 -12.733 -13.061 
5.85859 -3.650 -7.271 -9.153 -10.245 -10.968 -11.261 -11.920 -12.545 -13.022 
6.06061 -3.360 -6.666 -8.956 -10.280 -10.848 -11.079 -11.856 -12.548 -12.856 
6.26263 -3.243 -6.312 -8.730 -10.038 -10.757 -11.046 -11.689 -12.431 -12.876 
6.46465 -2.941 -6.390 -8.690 -9.929 -10.543 -10.809 -11.617 -12.335 -12.763 
6.66667 -2.596 -6.213 -8.422 -9.737 -10.489 -10.781 -11.445 -12.296 -12.778 
6.86869 -2.445 -5.994 -8.180 -9.532 -10.493 -10.684 -11.340 -12.143 -12.679 
7.07071 -2.077 -5.784 -7.802 -9.346 -10.201 -10.573 -11.256 -12.062 -12.626 
7.27273 -1.864 -5.395 -7.828 -9.272 -10.170 -10.383 -11.206 -11.972 -12.589 
7.47475 -1.569 -5.324 -7.632 -9.157 -9.994 -10.396 -11.048 -11.922 -12.492 
7.67677 -1.369 -5.034 -7.577 -9.035 -9.933 -10.228 -11.041 -11.854 -12.460 
7.87879 -1.179 -5.171 -7.528 -8.908 -9.868 -10.218 -10.903 -11.755 -12.346 
8.08081 -0.984 -4.375 -7.114 -8.680 -9.552 -9.966 -10.792 -11.783 -12.286 
8.28283 -0.654 -4.225 -6.783 -8.685 -9.515 -9.916 -10.757 -11.664 -12.253 
8.48485 -0.855 -3.711 -6.883 -8.503 -9.494 -9.795 -10.692 -11.562 -12.209 
8.68687 -0.277 -3.741 -6.919 -8.409 -9.362 -9.780 -10.562 -11.449 -12.087 
8.88889 -0.352 -3.806 -6.435 -8.215 -9.374 -9.569 -10.507 -11.433 -12.117 
9.09091 -0.029 -3.492 -6.355 -8.061 -9.336 -9.682 -10.466 -11.441 -12.024 
9.29293 0.507 -3.825 -6.125 -7.894 -9.026 -9.611 -10.300 -11.229 -11.991 
9.49495 0.744 -2.939 -5.846 -7.787 -8.929 -9.317 -10.204 -11.074 -11.953 
9.69697 1.068 -2.596 -5.866 -7.722 -8.842 -9.272 -10.210 -11.159 -11.816 
9.89899 1.242 -2.543 -5.676 -7.673 -8.773 -9.232 -10.103 -11.044 -11.791 
10.10101 1.528 -2.449 -5.684 -7.363 -8.594 -9.147 -10.134 -10.977 -11.704 
10.30303 1.729 -1.964 -5.490 -7.541 -8.571 -9.044 -9.957 -10.990 -11.654 
10.50505 0.987 -1.984 -5.230 -7.223 -8.439 -8.905 -9.870 -10.817 -11.585 
10.70707 2.113 -2.503 -5.315 -7.257 -8.430 -8.858 -9.803 -10.860 -11.550 
10.90909 2.357 -2.710 -4.814 -7.104 -8.312 -8.824 -9.816 -10.752 -11.495 
11.11111 2.501 -1.171 -4.559 -6.982 -8.146 -8.669 -9.705 -10.665 -11.347 
11.31313 2.865 -0.682 -4.760 -6.958 -8.207 -8.566 -9.616 -10.649 -11.513 
11.51515 3.082 -0.279 -4.547 -6.852 -8.073 -8.550 -9.456 -10.571 -11.267 
11.71717 3.425 -0.396 -4.112 -6.766 -7.860 -8.367 -9.425 -10.512 -11.310 
11.91919 3.331 -1.202 -4.322 -6.729 -7.957 -8.448 -9.285 -10.448 -11.255 
12.12121 3.805 -0.887 -4.519 -6.531 -7.711 -8.272 -9.210 -10.338 -11.199 
12.32323 3.844 -0.756 -3.858 -6.458 -7.808 -8.288 -9.203 -10.312 -11.153 
12.52525 4.026 0.441 -3.888 -6.630 -7.723 -8.335 -9.177 -10.361 -11.074 
12.72727 4.311 -0.281 -4.247 -6.376 -7.512 -8.142 -9.107 -10.192 -10.978 
12.92929 4.696 0.616 -3.683 -6.344 -7.565 -8.050 -9.059 -10.152 -10.951 
13.13131 4.651 0.668 -3.833 -6.223 -7.525 -7.922 -8.959 -10.084 -10.845 
13.33333 4.821 1.075 -3.587 -6.049 -7.416 -7.892 -8.873 -10.016 -10.880 
13.53535 4.874 0.862 -3.594 -5.984 -7.279 -7.805 -8.897 -9.858 -10.840 
13.73737 5.659 0.797 -3.451 -5.943 -7.256 -7.813 -8.788 -9.834 -10.872 
13.93939 5.375 0.532 -3.546 -5.902 -7.085 -7.655 -8.767 -9.884 -10.675 
14.14141 5.601 0.698 -3.367 -5.759 -7.168 -7.630 -8.693 -9.767 -10.732 
14.34343 5.744 1.019 -3.174 -5.718 -6.944 -7.556 -8.606 -9.725 -10.638 
14.54545 5.499 0.223 -3.207 -5.462 -6.951 -7.504 -8.438 -9.724 -10.566 
14.74747 6.042 0.916 -3.045 -5.535 -6.969 -7.582 -8.460 -9.679 -10.520 
14.94949 6.050 1.165 -3.334 -5.310 -6.884 -7.313 -8.396 -9.545 -10.496 
15.15152 6.582 1.151 -3.162 -5.665 -6.734 -7.309 -8.356 -9.563 -10.533 
15.35354 6.366 0.983 -3.113 -5.551 -6.708 -7.259 -8.259 -9.501 -10.312 
15.55556 6.314 1.143 -2.826 -5.417 -6.609 -7.102 -8.255 -9.441 -10.376 
15.75758 6.262 0.906 -3.006 -5.159 -6.529 -7.086 -8.130 -9.337 -10.259 
15.95960 7.095 1.426 -3.013 -5.411 -6.525 -7.084 -8.135 -9.298 -10.292 
16.16162 6.879 1.722 -2.445 -5.133 -6.320 -7.024 -8.149 -9.238 -10.239 
16.36364 7.816 2.426 -2.698 -5.049 -6.510 -6.984 -7.967 -9.162 -10.204 
16.56566 8.074 2.214 -2.751 -5.151 -6.310 -7.048 -8.064 -9.055 -10.127 
16.76768 8.091 1.490 -2.341 -5.174 -6.303 -6.821 -7.860 -9.089 -10.064 
16.96970 7.754 1.221 -2.548 -4.780 -6.286 -6.805 -7.906 -9.043 -10.025 
17.17172 7.762 1.097 -2.412 -4.813 -6.192 -6.858 -7.887 -8.981 -9.874 
17.37374 6.784 2.265 -2.421 -4.668 -6.091 -6.665 -7.819 -8.973 -9.956 
17.57576 7.871 2.496 -2.515 -4.724 -5.921 -6.606 -7.837 -8.907 -9.949 
17.77778 8.360 1.946 -2.170 -4.759 -5.975 -6.583 -7.749 -8.904 -9.846 
17.97980 11.190 2.159 -2.240 -4.470 -5.866 -6.394 -7.636 -8.801 -9.764 
18.18182 9.443 2.302 -1.802 -4.388 -5.798 -6.357 -7.525 -8.751 -9.760 
18.38384 8.754 0.933 -2.066 -4.769 -5.930 -6.407 -7.606 -8.755 -9.714 
18.58586 9.657 2.286 -1.940 -4.437 -5.727 -6.336 -7.537 -8.750 -9.626 
18.78788 13.639 1.920 -1.786 -4.232 -5.592 -6.238 -7.446 -8.582 -9.541 
18.98990 7.985 2.292 -1.470 -4.069 -5.577 -6.138 -7.464 -8.541 -9.594 
19.19192 nan 3.026 -1.834 -4.355 -5.458 -6.230 -7.214 -8.534 -9.498 
19.39394 9.354 4.216 -1.153 -3.985 -5.715 -5.973 -7.162 -8.405 -9.328 
19.59596 14.027 2.015 -1.741 -4.090 -5.304 -6.067 -7.162 -8.421 -9.387 
19.79798 9.408 1.356 -2.090 -3.860 -5.461 -5.918 -7.037 -8.212 -9.217 
20.00000 16.712 2.957 -0.801 -3.474 -5.224 -5.656 -6.911 -8.081 -9.149 
