# t[days] u g r i z y J H K
0.20202 -12.614 -13.260 -11.563 -12.022 -13.709 -13.593 -11.212 -6.481 -5.252 
0.40404 -13.909 -15.002 -14.977 -14.971 -14.168 -14.182 -13.938 -12.405 -11.661 
0.60606 -14.679 -15.444 -15.932 -15.540 -15.719 -15.569 -15.025 -14.709 -13.688 
0.80808 -14.623 -15.804 -16.159 -15.953 -15.572 -15.637 -15.238 -14.964 -14.811 
1.01010 -14.697 -15.838 -16.225 -16.140 -15.994 -15.859 -15.508 -15.220 -15.094 
1.21212 -14.270 -15.729 -16.158 -16.197 -16.070 -16.127 -15.881 -15.568 -15.143 
1.41414 -13.842 -15.600 -16.015 -16.147 -16.267 -16.375 -16.007 -15.913 -15.624 
1.61616 -13.653 -15.362 -15.880 -15.993 -16.266 -16.266 -16.149 -15.980 -15.679 
1.81818 -13.151 -15.085 -15.634 -15.885 -16.115 -16.099 -15.972 -15.989 -15.559 
2.02020 -12.879 -14.796 -15.508 -15.832 -16.050 -16.199 -16.085 -15.985 -15.792 
2.22222 -12.536 -14.447 -15.249 -15.640 -16.000 -15.937 -15.904 -15.891 -15.632 
2.42424 -12.309 -14.181 -15.036 -15.439 -15.848 -15.902 -15.773 -15.628 -15.425 
2.62626 -12.030 -13.925 -14.647 -15.207 -15.588 -15.801 -15.808 -15.599 -15.488 
2.82828 -11.591 -13.510 -14.509 -15.020 -15.512 -15.706 -15.542 -15.685 -15.299 
3.03030 -11.502 -13.287 -14.267 -14.898 -15.324 -15.488 -15.514 -15.369 -15.322 
3.23232 -11.073 -13.172 -14.141 -14.846 -15.232 -15.398 -15.337 -15.318 -15.258 
3.43434 -10.803 -12.932 -13.879 -14.616 -15.046 -15.288 -15.255 -15.253 -15.152 
3.63636 -10.638 -12.656 -13.656 -14.480 -15.001 -15.069 -15.242 -15.125 -14.970 
3.83838 -10.589 -12.389 -13.485 -14.285 -14.734 -15.079 -14.970 -15.045 -15.009 
4.04040 -10.311 -12.359 -13.442 -14.108 -14.663 -14.913 -14.943 -14.940 -14.935 
4.24242 -10.296 -12.155 -13.205 -14.091 -14.545 -14.784 -14.843 -14.845 -14.895 
4.44444 -10.021 -11.844 -13.231 -13.848 -14.384 -14.670 -14.659 -14.743 -14.768 
4.64646 -9.808 -11.808 -13.098 -13.806 -14.372 -14.601 -14.698 -14.643 -14.840 
4.84848 -9.538 -11.530 -12.777 -13.697 -14.293 -14.481 -14.504 -14.691 -14.554 
5.05051 -9.275 -11.360 -12.735 -13.552 -14.125 -14.388 -14.451 -14.505 -14.530 
5.25253 -9.109 -11.444 -12.506 -13.435 -14.005 -14.299 -14.333 -14.348 -14.430 
5.45455 -9.028 -11.195 -12.376 -13.289 -13.842 -14.142 -14.228 -14.280 -14.466 
5.65657 -8.820 -10.836 -12.292 -13.262 -13.841 -14.125 -14.151 -14.346 -14.280 
5.85859 -8.789 -10.848 -12.222 -13.102 -13.706 -14.035 -14.122 -14.209 -14.257 
6.06061 -8.608 -10.723 -12.147 -12.987 -13.627 -13.957 -14.025 -14.047 -14.126 
6.26263 -8.096 -10.582 -11.865 -12.856 -13.465 -13.805 -13.914 -13.961 -13.981 
6.46465 -8.056 -10.455 -11.890 -12.837 -13.475 -13.732 -13.794 -13.953 -13.948 
6.66667 -7.454 -10.169 -11.565 -12.739 -13.317 -13.657 -13.731 -13.856 -13.858 
6.86869 -7.681 -10.021 -11.562 -12.638 -13.268 -13.456 -13.664 -13.787 -13.711 
7.07071 -7.581 -10.054 -11.584 -12.515 -13.164 -13.552 -13.645 -13.690 -13.836 
7.27273 -7.029 -9.756 -11.355 -12.396 -13.068 -13.376 -13.494 -13.605 -13.710 
7.47475 -6.953 -9.679 -11.151 -12.267 -12.995 -13.232 -13.461 -13.533 -13.578 
7.67677 -6.751 -9.548 -11.183 -12.267 -12.957 -13.302 -13.372 -13.432 -13.519 
7.87879 -6.706 -9.277 -10.970 -12.083 -12.769 -13.115 -13.292 -13.389 -13.441 
8.08081 -6.138 -9.012 -11.002 -12.031 -12.778 -13.061 -13.214 -13.373 -13.387 
8.28283 -5.945 -8.902 -10.839 -11.960 -12.647 -12.972 -13.226 -13.256 -13.321 
8.48485 -5.736 -8.905 -10.693 -11.912 -12.533 -12.908 -13.166 -13.317 -13.302 
8.68687 -5.548 -8.747 -10.577 -11.804 -12.440 -12.794 -13.135 -13.121 -13.217 
8.88889 -5.827 -8.518 -10.434 -11.721 -12.408 -12.777 -12.984 -13.123 -13.171 
9.09091 -5.592 -8.431 -10.442 -11.626 -12.308 -12.686 -12.970 -13.019 -13.172 
9.29293 -5.066 -8.168 -10.180 -11.453 -12.213 -12.559 -12.920 -12.992 -13.040 
9.49495 -4.662 -8.032 -10.050 -11.481 -12.202 -12.558 -12.772 -12.928 -13.033 
9.69697 -4.415 -7.854 -9.944 -11.284 -12.133 -12.433 -12.749 -12.925 -12.892 
9.89899 -4.356 -7.614 -9.780 -11.215 -12.105 -12.401 -12.743 -12.860 -12.825 
10.10101 -4.151 -7.538 -9.651 -11.112 -11.953 -12.354 -12.670 -12.770 -12.877 
10.30303 -4.582 -7.337 -9.591 -11.031 -11.906 -12.342 -12.618 -12.776 -12.866 
10.50505 -3.814 -7.360 -9.546 -11.010 -11.864 -12.297 -12.552 -12.732 -12.762 
10.70707 -3.438 -7.016 -9.525 -10.892 -11.761 -12.179 -12.589 -12.702 -12.734 
10.90909 -3.319 -7.072 -9.300 -10.842 -11.689 -12.121 -12.487 -12.666 -12.696 
11.11111 -3.948 -7.039 -9.203 -10.799 -11.683 -12.080 -12.463 -12.681 -12.721 
11.31313 -3.456 -6.681 -9.044 -10.648 -11.563 -12.049 -12.462 -12.579 -12.673 
11.51515 -3.172 -6.626 -9.036 -10.625 -11.538 -12.017 -12.391 -12.621 -12.605 
11.71717 -2.472 -6.521 -8.967 -10.526 -11.478 -12.018 -12.389 -12.545 -12.650 
11.91919 -3.238 -6.605 -8.842 -10.469 -11.423 -11.926 -12.323 -12.588 -12.654 
12.12121 -2.464 -6.305 -8.747 -10.363 -11.431 -11.887 -12.292 -12.505 -12.630 
12.32323 -2.320 -6.246 -8.777 -10.406 -11.318 -11.825 -12.268 -12.488 -12.601 
12.52525 -2.638 -5.698 -8.488 -10.274 -11.192 -11.806 -12.230 -12.469 -12.575 
12.72727 -1.931 -5.867 -8.465 -10.266 -11.229 -11.772 -12.185 -12.513 -12.516 
12.92929 -1.876 -5.543 -8.403 -10.211 -11.226 -11.738 -12.164 -12.449 -12.558 
13.13131 -2.473 -5.512 -8.331 -10.053 -11.065 -11.642 -12.132 -12.374 -12.543 
13.33333 -1.661 -5.269 -8.094 -10.108 -11.081 -11.634 -12.096 -12.456 -12.542 
13.53535 -1.550 -5.482 -8.186 -9.947 -10.996 -11.583 -12.051 -12.328 -12.416 
13.73737 -1.508 -5.379 -7.959 -9.872 -11.131 -11.463 -12.025 -12.355 -12.443 
13.93939 -1.326 -5.007 -8.004 -9.872 -10.904 -11.446 -11.991 -12.351 -12.443 
14.14141 -1.180 -5.230 -7.861 -9.776 -10.904 -11.448 -11.947 -12.328 -12.449 
14.34343 -1.063 -4.926 -7.752 -9.682 -10.817 -11.382 -11.946 -12.314 -12.437 
14.54545 -0.925 -6.068 -7.508 -9.711 -10.825 -11.374 -11.936 -12.308 -12.416 
14.74747 -0.781 -4.603 -7.611 -9.580 -10.863 -11.317 -11.937 -12.237 -12.391 
14.94949 -0.785 -4.682 -7.521 -9.535 -10.660 -11.256 -11.880 -12.184 -12.297 
15.15152 -0.520 -4.330 -7.570 -9.494 -10.621 -11.213 -11.764 -12.180 -12.365 
15.35354 -0.388 -4.131 -7.401 -9.360 -10.622 -11.141 -11.854 -12.213 -12.345 
15.55556 -0.176 -4.026 -7.152 -9.270 -10.535 -11.117 -11.700 -12.169 -12.288 
15.75758 -0.028 -3.640 -7.144 -9.243 -10.454 -11.052 -11.726 -12.092 -12.283 
15.95960 0.043 -4.148 -7.055 -9.211 -10.382 -11.099 -11.624 -12.094 -12.293 
16.16162 0.247 -3.447 -6.936 -9.054 -10.283 -10.971 -11.651 -12.070 -12.259 
16.36364 0.381 -3.458 -6.966 -8.988 -10.364 -10.907 -11.538 -12.034 -12.207 
16.56566 0.467 -3.628 -6.813 -8.929 -10.291 -10.894 -11.559 -11.994 -12.223 
16.76768 0.662 -2.866 -6.778 -8.851 -10.178 -10.827 -11.570 -11.949 -12.229 
16.96970 0.796 -3.224 -6.532 -8.743 -10.069 -10.735 -11.484 -11.934 -12.179 
17.17172 0.883 -2.689 -6.446 -8.785 -10.160 -10.781 -11.433 -11.871 -12.094 
17.37374 0.798 -2.766 -6.434 -8.663 -9.939 -10.600 -11.374 -11.875 -12.112 
17.57576 1.177 -2.874 -6.438 -8.590 -9.900 -10.619 -11.332 -11.851 -12.096 
17.77778 1.302 -2.665 -6.349 -8.567 -9.851 -10.583 -11.325 -11.852 -12.054 
17.97980 1.447 -2.571 -6.348 -8.365 -9.799 -10.550 -11.237 -11.700 -12.015 
18.18182 1.488 -2.688 -6.146 -8.472 -9.644 -10.383 -11.271 -11.732 -11.972 
18.38384 1.721 -2.872 -6.183 -8.345 -9.611 -10.341 -11.187 -11.688 -11.960 
18.58586 1.883 -2.467 -5.702 -8.221 -9.527 -10.383 -11.114 -11.710 -11.943 
18.78788 1.742 -2.190 -5.731 -8.188 -9.514 -10.273 -11.016 -11.666 -11.950 
18.98990 2.180 -2.356 -5.611 -8.013 -9.370 -10.102 -10.984 -11.634 -11.893 
19.19192 2.229 -1.996 -5.691 -8.023 -9.486 -10.090 -10.934 -11.580 -11.846 
19.39394 2.377 -1.595 -5.612 -7.974 -9.374 -9.988 -10.871 -11.479 -11.744 
19.59596 2.326 -2.208 -5.190 -7.841 -9.102 -9.952 -10.814 -11.400 -11.737 
19.79798 2.716 -1.804 -5.011 -7.690 -9.100 -9.866 -10.660 -11.329 -11.640 
20.00000 2.901 -1.399 -4.824 -7.514 -8.980 -9.734 -10.573 -11.219 -11.484 
