# t[days] u g r i z y J H K
0.20202 -10.633 -10.062 -9.342 -8.393 -9.436 -10.466 -11.031 -6.055 -5.622 
0.40404 -13.891 -14.159 -14.251 -14.172 -13.955 -14.039 -12.426 -11.425 -13.959 
0.60606 -14.313 -15.113 -15.463 -15.495 -14.960 -14.278 -14.392 -13.531 -13.567 
0.80808 -14.891 -15.449 -15.869 -15.832 -15.488 -15.348 -14.845 -14.915 -14.440 
1.01010 -14.632 -15.671 -16.038 -16.003 -15.739 -15.976 -15.044 -14.961 -14.634 
1.21212 -14.691 -15.660 -16.145 -16.351 -16.219 -15.744 -15.947 -15.244 -15.069 
1.41414 -14.051 -15.532 -16.183 -16.150 -16.238 -16.074 -15.863 -15.275 -14.839 
1.61616 -13.841 -15.446 -16.108 -16.044 -16.057 -15.724 -15.938 -15.682 -15.164 
1.81818 -13.418 -15.205 -15.916 -16.185 -16.052 -15.931 -15.787 -15.658 -14.984 
2.02020 -12.761 -14.984 -15.654 -15.827 -15.935 -15.996 -15.766 -15.515 -15.755 
2.22222 -12.377 -14.631 -15.515 -15.809 -15.711 -15.638 -15.907 -15.873 -15.408 
2.42424 -12.439 -14.250 -15.178 -15.592 -15.687 -15.502 -15.569 -15.701 -15.708 
2.62626 -11.401 -13.924 -14.899 -15.425 -15.541 -15.488 -15.706 -15.705 -15.493 
2.82828 -11.339 -13.507 -14.679 -15.099 -15.285 -15.215 -15.384 -15.484 -15.448 
3.03030 -11.160 -13.308 -14.462 -14.844 -15.062 -15.208 -15.184 -15.338 -15.492 
3.23232 -10.887 -12.945 -14.117 -14.485 -14.818 -14.666 -15.109 -15.115 -15.363 
3.43434 -10.640 -12.665 -13.699 -14.279 -14.716 -14.586 -14.829 -15.049 -15.253 
3.63636 -10.674 -12.270 -13.634 -14.082 -14.387 -14.388 -14.668 -15.072 -15.094 
3.83838 -10.530 -11.995 -13.087 -13.767 -14.360 -14.218 -14.512 -14.888 -14.987 
4.04040 -10.229 -11.731 -12.867 -13.707 -13.971 -14.221 -14.487 -14.880 -14.860 
4.24242 -10.081 -11.737 -12.708 -13.401 -13.797 -13.934 -14.350 -14.932 -14.789 
4.44444 -9.913 -11.278 -12.684 -13.242 -13.727 -14.008 -14.336 -14.735 -14.876 
4.64646 -9.806 -11.031 -12.320 -13.164 -13.707 -13.828 -14.205 -14.676 -14.668 
4.84848 -9.610 -10.759 -12.141 -12.886 -13.530 -13.847 -14.147 -14.455 -14.683 
5.05051 -9.472 -10.929 -11.981 -12.872 -13.303 -13.565 -14.051 -14.446 -14.454 
5.25253 -9.297 -10.533 -11.750 -12.585 -13.450 -13.656 -13.862 -14.249 -14.561 
5.45455 -9.172 -10.382 -11.591 -12.591 -13.233 -13.617 -13.755 -14.311 -14.407 
5.65657 -9.013 -10.266 -11.647 -12.401 -13.198 -13.434 -13.797 -14.098 -14.612 
5.85859 -8.859 -10.050 -11.303 -12.326 -13.024 -13.415 -13.676 -14.124 -14.491 
6.06061 -8.730 -9.926 -11.151 -12.229 -12.852 -13.316 -13.583 -14.013 -14.314 
6.26263 -8.598 -9.853 -11.029 -11.987 -12.926 -13.177 -13.643 -14.072 -14.188 
6.46465 -8.445 -9.648 -10.878 -11.982 -12.806 -13.237 -13.542 -14.047 -14.164 
6.66667 -8.324 -9.613 -10.804 -11.881 -12.607 -12.964 -13.395 -13.971 -14.251 
6.86869 -8.187 -9.413 -10.895 -11.924 -12.645 -12.800 -13.384 -13.837 -14.120 
7.07071 -8.033 -9.266 -10.591 -11.768 -12.651 -12.890 -13.337 -13.718 -14.149 
7.27273 -7.903 -9.150 -10.334 -11.678 -12.479 -12.801 -13.211 -13.684 -14.085 
7.47475 -7.783 -9.002 -10.332 -11.570 -12.388 -12.814 -13.283 -13.680 -13.956 
7.67677 -7.629 -8.879 -10.139 -11.395 -12.337 -12.737 -13.164 -13.622 -14.054 
7.87879 -7.478 -8.909 -10.221 -11.420 -12.316 -12.648 -13.156 -13.580 -13.847 
8.08081 -7.352 -8.670 -9.899 -11.315 -12.242 -12.669 -13.094 -13.503 -13.767 
8.28283 -7.212 -8.671 -9.865 -11.160 -12.195 -12.603 -13.006 -13.542 -13.719 
8.48485 -7.101 -8.475 -9.885 -11.072 -12.140 -12.520 -13.003 -13.463 -13.788 
8.68687 -6.999 -8.414 -9.744 -11.218 -12.090 -12.504 -12.985 -13.313 -13.654 
8.88889 -6.837 -8.250 -9.759 -11.140 -12.048 -12.471 -12.827 -13.295 -13.687 
9.09091 -6.699 -8.337 -9.474 -10.907 -11.944 -12.496 -12.879 -13.333 -13.635 
9.29293 -6.576 -8.247 -9.575 -10.881 -11.950 -12.456 -12.818 -13.207 -13.562 
9.49495 -6.425 -7.837 -9.460 -11.001 -11.907 -12.405 -12.778 -13.137 -13.548 
9.69697 -6.288 -8.013 -9.499 -10.796 -11.771 -12.291 -12.682 -13.176 -13.586 
9.89899 -6.129 -7.747 -9.289 -10.821 -11.833 -12.364 -12.648 -13.139 -13.493 
10.10101 -5.949 -7.538 -9.162 -10.722 -11.697 -12.199 -12.567 -12.951 -13.432 
10.30303 -5.839 -7.460 -9.134 -10.681 -11.672 -12.200 -12.573 -13.070 -13.432 
10.50505 -5.652 -7.344 -9.149 -10.554 -11.655 -12.082 -12.580 -12.883 -13.359 
10.70707 -5.503 -7.176 -8.973 -10.560 -11.557 -12.084 -12.547 -12.857 -13.334 
10.90909 -5.351 -7.334 -9.015 -10.540 -11.566 -11.955 -12.440 -12.895 -13.215 
11.11111 -5.236 -6.945 -9.066 -10.405 -11.467 -11.978 -12.430 -12.787 -13.221 
11.31313 -5.198 -6.933 -8.813 -10.298 -11.363 -11.934 -12.396 -12.841 -13.101 
11.51515 -4.957 -6.773 -8.678 -10.308 -11.318 -11.895 -12.335 -12.670 -13.063 
11.71717 -4.835 -6.787 -8.522 -10.274 -11.400 -11.880 -12.292 -12.741 -13.133 
11.91919 -4.712 -6.564 -8.596 -10.238 -11.216 -11.724 -12.253 -12.650 -12.925 
12.12121 -4.569 -6.372 -8.234 -10.048 -11.161 -11.814 -12.148 -12.625 -12.901 
12.32323 -4.447 -6.404 -8.312 -10.149 -11.077 -11.609 -12.151 -12.512 -12.884 
12.52525 -4.300 -6.298 -8.173 -10.026 -11.020 -11.816 -12.092 -12.512 -12.887 
12.72727 -4.227 -6.183 -8.300 -10.015 -11.062 -11.611 -12.024 -12.517 -12.843 
12.92929 -4.085 -6.591 -8.067 -9.927 -10.977 -11.478 -12.049 -12.454 -12.825 
13.13131 -4.000 -5.963 -8.031 -9.851 -10.908 -11.458 -11.955 -12.388 -12.805 
13.33333 -3.863 -5.838 -8.034 -9.778 -10.871 -11.404 -11.956 -12.370 -12.669 
13.53535 -3.818 -5.756 -7.798 -9.585 -10.779 -11.398 -11.917 -12.339 -12.623 
13.73737 -3.680 -5.635 -7.874 -9.566 -10.829 -11.289 -11.840 -12.326 -12.676 
13.93939 -3.613 -5.653 -7.657 -9.520 -10.653 -11.364 -11.899 -12.268 -12.606 
14.14141 -3.463 -5.400 -7.553 -9.414 -10.690 -11.222 -11.854 -12.200 -12.636 
14.34343 -3.360 -5.459 -7.674 -9.449 -10.594 -11.329 -11.770 -12.217 -12.582 
14.54545 -3.260 -5.335 -7.602 -9.313 -10.565 -11.181 -11.736 -12.108 -12.502 
14.74747 -3.229 -5.305 -7.460 -9.308 -10.500 -11.198 -11.750 -12.121 -12.469 
14.94949 -3.093 -5.222 -7.408 -9.300 -10.508 -11.052 -11.655 -12.108 -12.379 
15.15152 -2.901 -4.944 -7.335 -9.230 -10.380 -11.054 -11.630 -12.055 -12.370 
15.35354 -2.842 -5.140 -7.334 -9.074 -10.386 -11.020 -11.650 -12.075 -12.412 
15.55556 -2.689 -4.938 -7.307 -9.070 -10.347 -11.060 -11.632 -12.011 -12.415 
15.75758 -2.554 -5.116 -6.980 -9.119 -10.282 -10.946 -11.536 -12.039 -12.291 
15.95960 -2.438 -4.568 -6.912 -8.963 -10.212 -10.885 -11.546 -12.022 -12.374 
16.16162 -2.308 -4.424 -6.759 -8.875 -10.293 -10.870 -11.511 -11.970 -12.295 
16.36364 -2.160 -4.599 -6.646 -8.990 -10.199 -10.819 -11.526 -11.974 -12.258 
16.56566 -2.031 -4.233 -6.794 -8.882 -10.188 -10.803 -11.484 -12.002 -12.234 
16.76768 -1.904 -4.339 -6.860 -8.770 -10.151 -10.763 -11.479 -11.900 -12.265 
16.96970 -1.753 -4.231 -6.923 -8.739 -10.050 -10.714 -11.422 -11.885 -12.238 
17.17172 -1.714 -4.268 -6.494 -8.770 -9.968 -10.723 -11.401 -11.943 -12.200 
17.37374 -1.525 -4.265 -6.488 -8.576 -9.951 -10.664 -11.353 -11.893 -12.165 
17.57576 -1.431 -3.903 -6.535 -8.515 -9.956 -10.693 -11.351 -11.883 -12.194 
17.77778 -1.269 -3.994 -6.392 -8.491 -9.919 -10.656 -11.322 -11.838 -12.159 
17.97980 -1.186 -4.099 -6.223 -8.440 -9.881 -10.657 -11.289 -11.871 -12.207 
18.18182 -1.071 -3.846 -6.362 -8.492 -9.840 -10.594 -11.287 -11.854 -12.218 
18.38384 -0.971 -3.606 -6.345 -8.406 -9.797 -10.520 -11.220 -11.816 -12.147 
18.58586 -0.931 -3.911 -6.298 -8.245 -9.812 -10.522 -11.179 -11.793 -12.117 
18.78788 -0.818 -3.580 -6.033 -8.266 -9.729 -10.446 -11.252 -11.824 -12.119 
18.98990 -0.738 -3.470 -6.217 -8.318 -9.601 -10.392 -11.202 -11.699 -12.049 
19.19192 -0.711 -3.306 -5.755 -8.124 -9.634 -10.387 -11.168 -11.724 -12.020 
19.39394 -0.633 -3.334 -5.667 -7.975 -9.529 -10.408 -11.162 -11.701 -12.017 
19.59596 -0.512 -3.076 -5.675 -7.995 -9.551 -10.364 -11.060 -11.598 -11.978 
19.79798 -0.443 -3.187 -5.567 -7.832 -9.347 -10.283 -11.034 -11.564 -11.884 
20.00000 -0.366 -3.038 -5.568 -7.733 -9.340 -10.178 -10.966 -11.521 -11.848 
