# t[days] u g r i z y J H K
0.20202 -10.702 -10.721 -9.770 -9.509 -11.253 -12.459 -6.817 -10.663 -5.598 
0.40404 -14.224 -15.174 -15.188 -13.920 -14.595 -14.297 -13.840 -12.262 -11.357 
0.60606 -15.374 -15.982 -16.208 -16.135 -15.807 -15.290 -14.850 -14.124 -13.996 
0.80808 -15.390 -16.361 -16.662 -16.669 -16.367 -16.069 -15.768 -15.423 -14.867 
1.01010 -15.610 -16.581 -17.056 -16.933 -16.377 -16.651 -16.279 -15.747 -15.362 
1.21212 -15.512 -16.647 -17.116 -17.200 -17.028 -16.759 -16.436 -16.226 -15.941 
1.41414 -15.179 -16.664 -17.159 -17.031 -17.023 -17.021 -16.602 -16.234 -15.732 
1.61616 -14.905 -16.547 -17.166 -17.214 -17.014 -16.980 -16.920 -16.421 -15.984 
1.81818 -14.393 -16.343 -16.981 -17.083 -17.073 -17.084 -16.886 -16.694 -16.378 
2.02020 -14.008 -16.076 -16.807 -17.012 -16.972 -17.077 -16.949 -16.709 -16.430 
2.22222 -13.535 -15.865 -16.685 -16.859 -16.832 -17.006 -16.987 -16.660 -16.443 
2.42424 -13.033 -15.625 -16.474 -16.615 -16.827 -16.915 -16.841 -16.769 -16.422 
2.62626 -12.616 -15.334 -16.257 -16.560 -16.657 -16.758 -16.772 -16.677 -16.490 
2.82828 -12.513 -15.087 -16.037 -16.334 -16.530 -16.614 -16.599 -16.535 -16.436 
3.03030 -11.927 -14.757 -15.630 -15.995 -16.370 -16.461 -16.563 -16.444 -16.306 
3.23232 -11.811 -14.450 -15.496 -15.823 -16.207 -16.317 -16.411 -16.384 -16.248 
3.43434 -11.616 -14.141 -15.216 -15.703 -16.055 -16.144 -16.196 -16.288 -16.152 
3.63636 -11.209 -13.852 -14.982 -15.480 -15.880 -15.986 -16.062 -16.095 -15.985 
3.83838 -11.140 -13.788 -14.742 -15.337 -15.696 -15.941 -15.996 -15.917 -15.766 
4.04040 -10.944 -13.596 -14.699 -15.093 -15.617 -15.786 -15.903 -15.962 -15.859 
4.24242 -10.867 -13.351 -14.464 -15.081 -15.479 -15.693 -15.822 -15.870 -15.749 
4.44444 -10.545 -12.990 -14.305 -14.847 -15.334 -15.629 -15.684 -15.868 -15.786 
4.64646 -10.296 -12.906 -14.072 -14.818 -15.305 -15.469 -15.605 -15.710 -15.583 
4.84848 -10.180 -12.760 -14.019 -14.742 -15.201 -15.482 -15.503 -15.556 -15.375 
5.05051 -10.005 -12.642 -13.805 -14.520 -15.111 -15.302 -15.499 -15.546 -15.510 
5.25253 -9.859 -12.367 -13.701 -14.468 -14.980 -15.194 -15.500 -15.532 -15.296 
5.45455 -9.808 -12.425 -13.691 -14.467 -14.942 -15.234 -15.314 -15.445 -15.460 
5.65657 -9.425 -12.064 -13.486 -14.234 -14.721 -15.174 -15.278 -15.265 -15.411 
5.85859 -9.417 -11.882 -13.277 -14.155 -14.685 -14.986 -15.111 -15.333 -15.303 
6.06061 -9.432 -11.898 -13.291 -14.098 -14.752 -14.941 -15.118 -15.362 -15.255 
6.26263 -9.146 -11.602 -13.086 -13.975 -14.526 -14.790 -14.992 -15.274 -15.242 
6.46465 -9.124 -11.580 -13.002 -13.917 -14.403 -14.725 -14.900 -15.050 -15.252 
6.66667 -9.008 -11.475 -13.046 -13.853 -14.356 -14.597 -14.890 -15.074 -15.071 
6.86869 -8.918 -11.226 -12.750 -13.607 -14.292 -14.662 -14.812 -15.075 -15.084 
7.07071 -8.642 -11.024 -12.637 -13.560 -14.166 -14.431 -14.788 -14.858 -15.166 
7.27273 -8.411 -11.035 -12.585 -13.448 -14.119 -14.455 -14.703 -14.859 -15.001 
7.47475 -8.331 -10.924 -12.345 -13.354 -13.989 -14.412 -14.625 -14.821 -15.014 
7.67677 -8.059 -10.887 -12.314 -13.326 -13.940 -14.251 -14.595 -14.815 -14.952 
7.87879 -8.200 -10.602 -12.075 -13.234 -13.833 -14.259 -14.513 -14.732 -14.819 
8.08081 -7.853 -10.523 -12.113 -13.100 -13.799 -14.177 -14.424 -14.664 -14.718 
8.28283 -7.678 -10.312 -11.955 -12.987 -13.683 -14.007 -14.369 -14.641 -14.795 
8.48485 -7.847 -10.248 -11.931 -13.007 -13.664 -14.072 -14.353 -14.663 -14.675 
8.68687 -7.531 -10.270 -11.877 -12.880 -13.597 -14.015 -14.303 -14.517 -14.728 
8.88889 -7.281 -10.106 -11.670 -12.808 -13.613 -13.927 -14.223 -14.466 -14.547 
9.09091 -7.315 -9.920 -11.681 -12.868 -13.408 -13.827 -14.196 -14.361 -14.544 
9.29293 -7.093 -9.882 -11.499 -12.595 -13.447 -13.831 -14.095 -14.341 -14.479 
9.49495 -6.780 -9.681 -11.510 -12.610 -13.381 -13.726 -13.994 -14.344 -14.552 
9.69697 -6.843 -9.847 -11.374 -12.500 -13.202 -13.636 -13.956 -14.238 -14.433 
9.89899 -6.693 -9.378 -11.159 -12.408 -13.163 -13.576 -13.868 -14.074 -14.375 
10.10101 -6.629 -9.300 -11.040 -12.487 -13.168 -13.601 -13.885 -14.184 -14.421 
10.30303 -6.434 -9.043 -10.982 -12.237 -13.004 -13.511 -13.810 -14.153 -14.385 
10.50505 -6.350 -9.181 -10.940 -12.215 -13.036 -13.361 -13.804 -13.999 -14.265 
10.70707 -5.846 -9.043 -11.060 -12.122 -12.920 -13.368 -13.749 -13.998 -14.146 
10.90909 -5.718 -8.647 -10.848 -11.985 -12.847 -13.283 -13.642 -13.935 -14.121 
11.11111 -6.183 -8.963 -10.810 -11.996 -12.722 -13.173 -13.629 -13.934 -13.995 
11.31313 -5.695 -8.506 -10.651 -11.867 -12.685 -13.156 -13.551 -13.871 -14.000 
11.51515 -5.250 -8.269 -10.368 -11.754 -12.700 -13.087 -13.523 -13.758 -13.988 
11.71717 -5.146 -8.136 -10.277 -11.654 -12.501 -13.004 -13.392 -13.775 -13.944 
11.91919 -5.030 -8.033 -10.189 -11.568 -12.368 -12.847 -13.336 -13.618 -13.902 
12.12121 -5.098 -7.826 -10.026 -11.562 -12.400 -12.870 -13.257 -13.645 -13.829 
12.32323 -4.808 -7.692 -9.991 -11.482 -12.335 -12.826 -13.239 -13.574 -13.789 
12.52525 -4.403 -7.728 -9.768 -11.429 -12.232 -12.789 -13.220 -13.530 -13.774 
12.72727 -4.651 -7.720 -9.772 -11.271 -12.216 -12.700 -13.142 -13.409 -13.706 
12.92929 -4.626 -7.515 -9.636 -11.135 -12.149 -12.658 -13.087 -13.459 -13.659 
13.13131 -4.867 -7.198 -9.529 -11.097 -12.057 -12.576 -13.053 -13.385 -13.641 
13.33333 -4.324 -7.061 -9.471 -11.141 -12.059 -12.473 -12.964 -13.320 -13.545 
13.53535 -4.091 -7.121 -9.353 -10.902 -11.938 -12.476 -12.951 -13.288 -13.617 
13.73737 -3.710 -6.963 -9.432 -10.943 -11.789 -12.347 -12.929 -13.309 -13.516 
13.93939 -3.869 -6.688 -9.170 -10.800 -11.852 -12.424 -12.822 -13.190 -13.460 
14.14141 -3.506 -6.706 -9.079 -10.633 -11.717 -12.366 -12.791 -13.157 -13.396 
14.34343 -3.569 -6.753 -8.985 -10.611 -11.671 -12.268 -12.821 -13.147 -13.373 
14.54545 -3.566 -6.272 -8.953 -10.585 -11.544 -12.088 -12.729 -13.071 -13.340 
14.74747 -3.810 -6.631 -8.921 -10.612 -11.535 -12.155 -12.697 -13.050 -13.258 
14.94949 -3.230 -6.354 -8.899 -10.472 -11.521 -12.044 -12.668 -13.028 -13.274 
15.15152 -2.934 -6.480 -8.696 -10.392 -11.476 -12.058 -12.588 -12.976 -13.232 
15.35354 -2.878 -6.066 -8.547 -10.265 -11.407 -11.957 -12.550 -12.974 -13.198 
15.55556 -2.752 -5.835 -8.427 -10.219 -11.315 -12.013 -12.509 -12.925 -13.176 
15.75758 -2.591 -5.576 -8.481 -10.200 -11.288 -11.941 -12.485 -12.913 -13.125 
15.95960 -2.444 -5.658 -8.289 -10.162 -11.252 -11.826 -12.518 -12.867 -13.188 
16.16162 -2.351 -5.316 -8.280 -10.175 -11.347 -11.817 -12.453 -12.876 -13.100 
16.36364 -2.189 -5.212 -8.191 -10.046 -11.119 -11.715 -12.411 -12.863 -13.112 
16.56566 -2.047 -5.450 -7.958 -9.890 -11.111 -11.751 -12.384 -12.780 -13.096 
16.76768 -2.341 -5.397 -8.077 -9.891 -10.988 -11.713 -12.332 -12.771 -12.990 
16.96970 -1.790 -4.928 -7.879 -9.751 -11.023 -11.622 -12.326 -12.836 -12.975 
17.17172 -1.680 -5.105 -7.720 -9.842 -11.004 -11.600 -12.275 -12.761 -13.012 
17.37374 -1.927 -5.066 -7.887 -9.650 -10.916 -11.705 -12.302 -12.738 -12.979 
17.57576 -1.373 -4.888 -7.654 -9.657 -10.862 -11.564 -12.170 -12.707 -13.021 
17.77778 -1.281 -4.535 -7.600 -9.606 -10.885 -11.548 -12.194 -12.629 -12.968 
17.97980 -1.229 -5.042 -7.522 -9.522 -10.748 -11.431 -12.111 -12.597 -12.894 
18.18182 -1.093 -4.083 -7.377 -9.448 -10.733 -11.417 -12.079 -12.673 -12.852 
18.38384 -0.998 -4.489 -7.268 -9.335 -10.676 -11.442 -12.078 -12.578 -12.938 
18.58586 -0.985 -4.413 -7.249 -9.327 -10.615 -11.375 -12.058 -12.568 -12.865 
18.78788 -0.886 -4.235 -7.097 -9.149 -10.621 -11.298 -12.037 -12.520 -12.843 
18.98990 -0.826 -4.085 -7.075 -9.189 -10.530 -11.287 -11.980 -12.496 -12.752 
19.19192 -0.698 -4.195 -6.957 -9.091 -10.420 -11.261 -11.978 -12.511 -12.771 
19.39394 -0.690 -3.927 -6.967 -9.084 -10.426 -11.188 -11.900 -12.451 -12.755 
19.59596 -0.552 -4.390 -6.829 -8.919 -10.347 -11.136 -11.893 -12.399 -12.670 
19.79798 -0.473 -3.308 -6.509 -8.737 -10.334 -11.221 -11.806 -12.361 -12.587 
20.00000 -0.373 -3.009 -6.598 -8.755 -10.121 -11.041 -11.747 -12.289 -12.615 
