# t[days] u g r i z y J H K
0.20202 -11.911 -11.690 -12.404 -11.140 -10.275 -8.269 -3.003 -13.265 -10.967 
0.40404 -13.486 -14.443 -14.369 -13.985 -13.312 -13.788 -11.201 -12.214 -12.461 
0.60606 -13.615 -14.612 -14.931 -15.108 -14.452 -13.963 -14.396 -13.557 -2.013 
0.80808 -13.636 -14.505 -14.998 -14.598 -14.108 -14.713 -13.723 -12.579 -10.628 
1.01010 -12.553 -13.824 -14.462 -14.483 -14.767 -14.688 -13.889 -13.965 -14.054 
1.21212 -11.913 -13.726 -14.179 -14.720 -13.573 -14.005 -14.416 -14.614 nan 
1.41414 -11.666 -13.027 -13.936 -14.483 -14.028 -15.055 -13.615 -14.952 -13.451 
1.61616 -12.043 -13.944 -14.152 -14.802 -15.322 -15.254 -15.364 -15.229 -14.610 
1.81818 -13.029 -14.274 -14.652 -15.332 -15.627 -15.622 -15.474 -15.515 -14.724 
2.02020 -13.444 -14.903 -15.358 -15.777 -16.184 -16.185 -16.200 -16.058 -15.371 
2.22222 -13.204 -14.728 -15.396 -15.740 -16.244 -16.373 -16.129 -16.333 -16.136 
2.42424 -13.336 -14.611 -15.396 -16.028 -16.322 -16.427 -16.402 -16.326 -16.354 
2.62626 -13.340 -14.721 -15.331 -15.818 -16.390 -16.487 -16.441 -16.401 -16.318 
2.82828 -12.646 -14.069 -15.047 -15.759 -16.341 -16.542 -16.283 -16.320 -16.146 
3.03030 -12.717 -13.870 -14.767 -15.655 -16.172 -16.309 -16.322 -16.192 -16.078 
3.23232 -13.099 -13.852 -14.928 -15.358 -15.947 -16.306 -16.244 -16.310 -15.882 
3.43434 -13.070 -13.763 -14.689 -15.349 -15.858 -16.129 -16.048 -16.186 -16.072 
3.63636 -12.997 -13.729 -14.557 -15.157 -15.807 -16.028 -15.993 -15.829 -15.822 
3.83838 -13.006 -13.627 -14.430 -15.173 -15.634 -15.923 -15.847 -15.819 -15.742 
4.04040 -12.569 -13.368 -14.211 -14.963 -15.615 -15.742 -15.677 -15.670 -15.859 
4.24242 -12.468 -13.480 -14.268 -14.837 -15.439 -15.800 -15.512 -15.434 -15.668 
4.44444 -12.629 -13.294 -14.149 -14.814 -15.316 -15.612 -15.611 -15.375 -15.504 
4.64646 -12.347 -13.409 -14.082 -14.764 -15.367 -15.643 -15.465 -15.503 -15.323 
4.84848 -12.447 -13.267 -14.109 -14.642 -15.180 -15.525 -15.380 -15.138 -15.369 
5.05051 -11.903 -12.934 -13.794 -14.459 -15.063 -15.394 -15.217 -15.194 -15.075 
5.25253 -11.679 -12.694 -13.774 -14.456 -15.029 -15.362 -15.086 -15.006 -15.124 
5.45455 -11.499 -12.861 -13.750 -14.434 -14.937 -15.195 -15.145 -14.984 -14.767 
5.65657 -11.438 -12.648 -13.588 -14.417 -14.830 -15.159 -15.142 -14.892 -14.888 
5.85859 -11.429 -12.557 -13.518 -14.291 -14.932 -15.002 -15.044 -14.845 -14.840 
6.06061 -11.153 -12.723 -13.526 -14.276 -14.827 -15.138 -14.921 -14.757 -14.677 
6.26263 -11.248 -12.562 -13.439 -14.120 -14.812 -15.181 -14.858 -14.724 -14.617 
6.46465 -10.909 -12.274 -13.339 -14.017 -14.734 -14.837 -14.825 -14.747 -14.420 
6.66667 -10.831 -12.196 -13.067 -14.021 -14.525 -14.864 -14.847 -14.687 -14.626 
6.86869 -10.313 -12.226 -13.415 -13.969 -14.491 -14.748 -14.700 -14.524 -14.198 
7.07071 -10.118 -11.890 -12.913 -13.827 -14.394 -14.745 -14.664 -14.488 -14.160 
7.27273 -10.094 -11.906 -12.999 -13.835 -14.300 -14.656 -14.672 -14.539 -14.265 
7.47475 -9.830 -11.774 -12.925 -13.701 -14.252 -14.681 -14.585 -14.515 -14.201 
7.67677 -9.589 -11.631 -12.874 -13.649 -14.152 -14.509 -14.586 -14.380 -14.157 
7.87879 -9.806 -11.476 -12.883 -13.649 -14.158 -14.525 -14.437 -14.410 -14.256 
8.08081 -9.201 -11.392 -12.627 -13.530 -14.131 -14.412 -14.441 -14.404 -14.314 
8.28283 -9.003 -11.401 -12.520 -13.380 -13.986 -14.347 -14.367 -14.090 -13.955 
8.48485 -9.430 -11.036 -12.319 -13.296 -13.833 -14.205 -14.376 -14.246 -14.007 
8.68687 -8.683 -10.923 -12.248 -13.295 -13.828 -14.066 -14.321 -14.108 -13.957 
8.88889 -8.506 -10.738 -12.189 -13.110 -13.861 -14.069 -14.175 -14.131 -14.052 
9.09091 -8.133 -10.523 -11.967 -13.048 -13.702 -14.021 -14.098 -14.071 -13.917 
9.29293 -8.204 -10.573 -11.973 -13.005 -13.707 -14.060 -14.187 -13.996 -13.853 
9.49495 -7.948 -10.381 -11.906 -12.931 -13.627 -13.922 -14.112 -13.978 -13.777 
9.69697 -8.308 -10.323 -11.672 -12.832 -13.389 -13.903 -13.989 -14.004 -13.817 
9.89899 -8.371 -10.290 -11.702 -12.746 -13.432 -13.816 -13.983 -13.988 -13.723 
10.10101 -7.434 -10.286 -11.562 -12.608 -13.351 -13.810 -13.961 -13.889 -13.725 
10.30303 -7.472 -10.290 -11.748 -12.624 -13.272 -13.705 -13.932 -13.924 -13.655 
10.50505 -7.093 -9.763 -11.283 -12.515 -13.140 -13.547 -13.711 -13.947 -13.868 
10.70707 -7.017 -9.731 -11.248 -12.388 -13.129 -13.547 -13.753 -13.715 -13.588 
10.90909 -6.741 -9.461 -11.174 -12.443 -13.082 -13.518 -13.724 -13.756 -13.661 
11.11111 -6.817 -9.321 -11.189 -12.194 -13.055 -13.513 -13.671 -13.671 -13.646 
11.31313 -6.693 -9.250 -10.992 -12.159 -13.005 -13.421 -13.689 -13.683 -13.630 
11.51515 -6.786 -9.114 -10.945 -12.087 -12.914 -13.372 -13.615 -13.740 -13.539 
11.71717 -6.051 -9.167 -10.804 -12.006 -12.866 -13.373 -13.627 -13.676 -13.437 
11.91919 -6.011 -8.636 -10.685 -11.957 -12.760 -13.270 -13.524 -13.587 -13.433 
12.12121 -5.750 -8.732 -10.553 -11.907 -12.815 -13.115 -13.459 -13.449 -13.512 
12.32323 -5.692 -8.525 -10.616 -11.775 -12.566 -13.044 -13.392 -13.458 -13.326 
12.52525 -5.753 -8.200 -10.362 -11.611 -12.540 -12.926 -13.343 -13.488 -13.426 
12.72727 -5.437 -8.089 -10.683 -11.702 -12.525 -13.063 -13.362 -13.428 -13.375 
12.92929 -5.544 -8.068 -10.153 -11.543 -12.428 -12.902 -13.202 -13.360 -13.211 
13.13131 -4.732 -7.936 -9.971 -11.359 -12.296 -12.822 -13.173 -13.356 -13.316 
13.33333 -4.681 -7.601 -10.064 -11.336 -12.225 -12.706 -13.098 -13.247 -13.319 
13.53535 -4.485 -7.620 -9.874 -11.397 -12.214 -12.754 -13.105 -13.267 -13.187 
13.73737 -4.749 -7.597 -9.646 -11.213 -12.095 -12.586 -13.109 -13.243 -13.054 
13.93939 -4.318 -7.443 -9.639 -11.132 -12.086 -12.587 -12.989 -13.254 -13.166 
14.14141 -4.496 -8.532 -9.641 -11.085 -11.914 -12.542 -13.041 -13.199 -13.206 
14.34343 -4.146 -7.392 -9.602 -11.078 -12.042 -12.521 -12.914 -13.193 -13.154 
14.54545 -4.354 -7.224 -9.398 -10.853 -11.876 -12.406 -12.854 -13.067 -13.167 
14.74747 -3.599 -7.159 -9.318 -10.788 -11.868 -12.306 -12.831 -13.034 -13.062 
14.94949 -3.575 -6.701 -9.134 -10.758 -11.804 -12.327 -12.803 -13.047 -13.017 
15.15152 -3.418 -6.906 -9.065 -10.607 -11.746 -12.249 -12.754 -13.045 -13.003 
15.35354 -3.496 -6.697 -9.024 -10.705 -11.612 -12.154 -12.757 -13.004 -13.084 
15.55556 -3.249 -6.416 -8.950 -10.541 -11.548 -12.134 -12.651 -12.991 -12.984 
15.75758 -3.318 -6.819 -8.962 -10.449 -11.561 -12.249 -12.634 -12.988 -12.944 
15.95960 -3.017 -6.032 -8.672 -10.461 -11.491 -12.058 -12.600 -12.929 -13.070 
16.16162 -2.928 -6.081 -8.668 -10.300 -11.409 -12.061 -12.579 -12.898 -13.130 
16.36364 -2.895 -5.829 -8.413 -10.234 -11.322 -12.000 -12.522 -12.852 -12.900 
16.56566 -2.780 -5.997 -8.459 -10.155 -11.273 -11.886 -12.451 -12.839 -12.850 
16.76768 -2.621 -6.090 -8.277 -10.144 -11.347 -11.846 -12.454 -12.863 -12.857 
16.96970 -2.513 -6.069 -8.260 -9.996 -11.195 -11.763 -12.429 -12.770 -12.879 
17.17172 -2.702 -5.653 -8.200 -10.007 -11.156 -11.760 -12.358 -12.744 -12.910 
17.37374 -2.262 -5.723 -8.266 -9.808 -11.045 -11.730 -12.351 -12.702 -12.811 
17.57576 -2.189 -5.459 -8.081 -9.859 -11.019 -11.615 -12.331 -12.721 -12.846 
17.77778 -2.150 -5.628 -7.910 -9.703 -10.961 -11.651 -12.295 -12.691 -12.819 
17.97980 -1.897 -4.905 -7.910 -9.778 -10.903 -11.549 -12.305 -12.641 -12.788 
18.18182 -1.940 -4.699 -7.551 -9.653 -10.839 -11.543 -12.210 -12.680 -12.842 
18.38384 -2.286 -4.890 -7.556 -9.591 -10.891 -11.525 -12.197 -12.658 -12.809 
18.58586 -1.514 -5.187 -7.421 -9.611 -10.736 -11.429 -12.189 -12.645 -12.747 
18.78788 -1.388 -4.524 -7.453 -9.454 -10.695 -11.437 -12.191 -12.674 -12.795 
18.98990 -1.255 -4.646 -7.562 -9.432 -10.748 -11.370 -12.069 -12.537 -12.722 
19.19192 -1.182 -4.605 -7.298 -9.396 -10.626 -11.324 -12.067 -12.500 -12.647 
19.39394 -1.008 -4.569 -7.141 -9.181 -10.534 -11.314 -12.019 -12.535 -12.726 
19.59596 -0.880 -4.429 -7.089 -9.186 -10.536 -11.239 -12.006 -12.432 -12.639 
19.79798 -0.822 -4.011 -7.120 -9.058 -10.450 -11.135 -11.897 -12.365 -12.560 
20.00000 -0.668 -3.855 -6.780 -8.865 -10.188 -10.969 -11.828 -12.258 -12.511 
