# t[days] u g r i z y J H K
0.20202 -11.848 -12.073 -10.222 -10.143 -9.345 -8.006 -10.017 -8.387 -11.328 
0.40404 -13.875 -14.732 -15.332 -14.722 -14.439 -13.984 -14.048 -13.340 -11.999 
0.60606 -14.824 -15.770 -16.036 -15.745 -15.324 -15.384 -15.438 -14.225 -13.948 
0.80808 -15.065 -15.984 -16.347 -16.086 -15.827 -15.578 -15.584 -15.286 -14.826 
1.01010 -14.815 -16.176 -16.327 -16.269 -15.964 -15.721 -15.662 -15.792 -15.270 
1.21212 -14.543 -15.886 -15.882 -16.111 -15.964 -15.728 -15.773 -15.632 -14.882 
1.41414 -14.049 -15.703 -15.993 -16.208 -16.012 -15.992 -16.000 -15.868 -15.445 
1.61616 -13.732 -15.600 -15.981 -16.091 -16.253 -16.350 -16.262 -16.003 -15.774 
1.81818 -13.535 -15.651 -16.018 -16.281 -16.564 -16.507 -16.283 -16.423 -16.096 
2.02020 -13.347 -15.625 -16.018 -16.166 -16.361 -16.633 -16.606 -16.451 -16.113 
2.22222 -13.317 -15.415 -16.027 -16.256 -16.325 -16.604 -16.496 -16.391 -16.406 
2.42424 -13.298 -15.157 -15.765 -16.113 -16.413 -16.456 -16.403 -16.475 -16.063 
2.62626 -12.881 -14.894 -15.509 -15.965 -16.337 -16.462 -16.386 -16.352 -16.265 
2.82828 -12.935 -14.767 -15.418 -15.804 -16.210 -16.258 -16.375 -16.327 -16.165 
3.03030 -12.698 -14.334 -15.080 -15.780 -16.118 -16.207 -16.249 -16.187 -16.146 
3.23232 -12.552 -14.332 -15.138 -15.517 -15.927 -16.113 -16.091 -16.211 -16.135 
3.43434 -12.364 -14.058 -14.823 -15.484 -15.877 -16.029 -16.057 -15.935 -16.130 
3.63636 -12.140 -13.826 -14.530 -15.275 -15.765 -15.888 -16.034 -15.961 -15.882 
3.83838 -11.833 -13.728 -14.369 -15.019 -15.551 -15.812 -15.853 -15.844 -15.567 
4.04040 -11.873 -13.237 -14.350 -14.925 -15.460 -15.671 -15.777 -15.769 -15.789 
4.24242 -11.686 -12.978 -14.110 -14.791 -15.341 -15.498 -15.659 -15.575 -15.687 
4.44444 -11.709 -12.794 -14.081 -14.657 -15.193 -15.618 -15.580 -15.719 -15.594 
4.64646 -11.347 -13.129 -14.049 -14.684 -15.248 -15.407 -15.395 -15.433 -15.574 
4.84848 -11.172 -12.736 -13.727 -14.549 -15.050 -15.419 -15.454 -15.556 -15.578 
5.05051 -10.927 -12.600 -13.703 -14.319 -14.999 -15.302 -15.255 -15.312 -15.314 
5.25253 -10.818 -12.348 -13.583 -14.335 -14.860 -15.102 -15.170 -15.301 -15.191 
5.45455 -10.440 -12.399 -13.385 -14.204 -14.772 -15.005 -15.103 -15.240 -15.095 
5.65657 -10.613 -12.267 -13.231 -14.126 -14.609 -15.084 -15.049 -15.105 -15.157 
5.85859 -10.610 -12.328 -13.255 -14.098 -14.643 -14.892 -14.984 -15.081 -15.192 
6.06061 -10.311 -12.236 -13.106 -13.880 -14.457 -14.828 -14.965 -14.961 -15.094 
6.26263 -9.900 -11.901 -13.002 -13.821 -14.423 -14.685 -14.871 -14.737 -14.924 
6.46465 -10.053 -11.776 -12.805 -13.714 -14.360 -14.656 -14.786 -14.767 -14.638 
6.66667 -9.662 -11.545 -12.806 -13.629 -14.247 -14.697 -14.695 -14.739 -14.703 
6.86869 -9.594 -11.362 -12.632 -13.505 -14.151 -14.543 -14.603 -14.582 -14.651 
7.07071 -10.038 -11.451 -12.548 -13.512 -14.077 -14.374 -14.599 -14.608 -14.625 
7.27273 -9.268 -11.617 -12.629 -13.440 -14.096 -14.359 -14.449 -14.465 -14.544 
7.47475 -9.737 -11.191 -12.284 -13.386 -14.106 -14.427 -14.369 -14.509 -14.473 
7.67677 -9.264 -10.956 -12.338 -13.356 -13.969 -14.311 -14.370 -14.400 -14.401 
7.87879 -8.846 -10.990 -12.266 -13.236 -13.934 -14.228 -14.368 -14.326 -14.384 
8.08081 -8.215 -10.649 -12.210 -12.994 -13.749 -14.177 -14.258 -14.207 -14.322 
8.28283 -8.194 -10.527 -12.004 -12.978 -13.652 -14.104 -14.265 -14.193 -14.268 
8.48485 -8.187 -10.515 -12.144 -12.971 -13.690 -13.976 -14.074 -14.121 -14.158 
8.68687 -8.099 -10.568 -11.857 -12.864 -13.620 -13.955 -14.051 -14.207 -14.230 
8.88889 -7.905 -10.401 -11.709 -12.863 -13.547 -13.950 -14.077 -14.108 -13.997 
9.09091 -8.410 -10.214 -11.833 -12.830 -13.432 -13.782 -14.083 -13.963 -13.955 
9.29293 -7.643 -9.910 -11.592 -12.773 -13.316 -13.715 -13.899 -13.952 -13.879 
9.49495 -7.485 -9.754 -11.450 -12.518 -13.284 -13.666 -13.884 -13.835 -13.876 
9.69697 -7.111 -10.097 -11.390 -12.682 -13.248 -13.631 -13.795 -13.831 -13.774 
9.89899 -6.823 -9.448 -11.237 -12.391 -13.125 -13.451 -13.774 -13.789 -13.690 
10.10101 -6.723 -9.383 -11.070 -12.401 -13.081 -13.455 -13.745 -13.787 -13.788 
10.30303 -6.669 -9.220 -10.979 -12.213 -13.129 -13.436 -13.696 -13.710 -13.741 
10.50505 -6.302 -8.955 -10.956 -12.151 -12.889 -13.366 -13.610 -13.694 -13.529 
10.70707 -6.044 -9.111 -11.028 -12.099 -12.851 -13.348 -13.557 -13.612 -13.614 
10.90909 -6.288 -8.973 -10.835 -12.011 -12.836 -13.238 -13.557 -13.652 -13.595 
11.11111 -6.489 -8.794 -10.753 -11.897 -12.723 -13.212 -13.404 -13.511 -13.566 
11.31313 -5.618 -8.750 -10.547 -11.853 -12.672 -13.137 -13.404 -13.474 -13.466 
11.51515 -5.529 -8.514 -10.469 -11.742 -12.617 -13.001 -13.290 -13.471 -13.425 
11.71717 -5.447 -8.432 -10.261 -11.645 -12.506 -12.904 -13.276 -13.412 -13.470 
11.91919 -5.708 -8.135 -10.220 -11.566 -12.448 -12.843 -13.279 -13.421 -13.381 
12.12121 -4.823 -8.394 -10.140 -11.575 -12.297 -12.862 -13.154 -13.249 -13.317 
12.32323 -4.631 -7.895 -9.946 -11.492 -12.319 -12.793 -13.089 -13.255 -13.236 
12.52525 -4.515 -7.744 -10.012 -11.340 -12.164 -12.670 -13.059 -13.204 -13.247 
12.72727 -4.758 -7.683 -9.938 -11.231 -12.159 -12.695 -12.979 -13.225 -13.188 
12.92929 -4.249 -7.434 -9.696 -11.172 -12.153 -12.639 -12.996 -13.170 -13.083 
13.13131 -4.227 -7.174 -9.601 -11.075 -11.982 -12.546 -12.935 -13.083 -13.143 
13.33333 -4.146 -7.226 -9.494 -11.097 -11.964 -12.455 -12.938 -13.127 -13.115 
13.53535 -3.820 -7.307 -9.407 -10.936 -11.910 -12.414 -12.839 -13.071 -13.069 
13.73737 -3.866 -6.976 -9.252 -10.850 -11.836 -12.375 -12.773 -13.054 -13.072 
13.93939 -3.858 -6.828 -9.206 -10.873 -11.787 -12.331 -12.784 -13.050 -13.063 
14.14141 -3.488 -6.952 -9.125 -10.703 -11.701 -12.185 -12.702 -12.990 -13.027 
14.34343 -3.362 -6.897 -9.125 -10.657 -11.676 -12.265 -12.702 -12.936 -12.978 
14.54545 -3.458 -6.484 -8.873 -10.614 -11.591 -12.131 -12.607 -12.896 -12.946 
14.74747 -3.238 -6.455 -8.783 -10.553 -11.491 -12.077 -12.614 -12.920 -12.888 
14.94949 -3.030 -6.440 -8.742 -10.451 -11.528 -12.051 -12.592 -12.844 -12.927 
15.15152 -3.049 -6.176 -9.058 -10.411 -11.460 -12.000 -12.514 -12.889 -12.860 
15.35354 -2.935 -6.145 -8.551 -10.318 -11.495 -11.991 -12.490 -12.806 -12.917 
15.55556 -2.684 -5.924 -8.539 -10.257 -11.314 -11.955 -12.500 -12.788 -12.845 
15.75758 -2.579 -5.900 -8.434 -10.257 -11.230 -11.807 -12.479 -12.761 -12.869 
15.95960 -2.691 -5.962 -8.349 -9.959 -11.181 -11.819 -12.393 -12.732 -12.844 
16.16162 -2.326 -5.869 -8.096 -10.030 -11.091 -11.703 -12.344 -12.726 -12.813 
16.36364 -2.170 -5.496 -8.140 -9.928 -11.147 -11.690 -12.323 -12.662 -12.773 
16.56566 -2.042 -5.989 -8.048 -9.988 -11.069 -11.774 -12.322 -12.656 -12.768 
16.76768 -1.899 -5.510 -7.890 -9.836 -11.005 -11.646 -12.346 -12.670 -12.761 
16.96970 -1.796 -5.061 -7.851 -9.843 -11.036 -11.665 -12.340 -12.643 -12.715 
17.17172 -1.735 -5.323 -8.078 -9.792 -10.929 -11.602 -12.234 -12.641 -12.763 
17.37374 -1.547 -5.025 -7.792 -9.728 -10.955 -11.559 -12.215 -12.569 -12.750 
17.57576 -1.512 -4.956 -7.725 -9.594 -10.827 -11.518 -12.198 -12.600 -12.700 
17.77778 -1.237 -5.026 -7.730 -9.737 -10.804 -11.523 -12.200 -12.540 -12.714 
17.97980 -1.659 -4.350 -7.497 -9.485 -10.768 -11.417 -12.143 -12.552 -12.712 
18.18182 -1.180 -4.357 -7.499 -9.376 -10.681 -11.404 -12.102 -12.573 -12.673 
18.38384 -1.001 -4.723 -7.256 -9.455 -10.670 -11.411 -12.081 -12.514 -12.671 
18.58586 -0.865 -4.554 -7.138 -9.334 -10.636 -11.415 -12.028 -12.501 -12.658 
18.78788 -0.937 -4.146 -7.131 -9.273 -10.673 -11.372 -11.974 -12.514 -12.667 
18.98990 -0.762 -4.396 -7.151 -9.206 -10.487 -11.285 -11.989 -12.415 -12.689 
19.19192 -0.657 -3.962 -7.094 -9.115 -10.425 -11.161 -11.937 -12.457 -12.635 
19.39394 -0.601 -4.029 -6.844 -8.955 -10.403 -11.099 -11.903 -12.354 -12.526 
19.59596 -0.508 -3.869 -6.760 -8.950 -10.322 -11.112 -11.829 -12.341 -12.544 
19.79798 -0.506 -3.340 -6.477 -8.900 -10.208 -11.041 -11.797 -12.231 -12.470 
20.00000 -0.383 -3.518 -6.468 -8.686 -10.085 -10.891 -11.714 -12.210 -12.427 
