# t[days] u g r i z y J H K
0.20202 -12.714 -12.910 -12.515 -12.248 -11.257 -10.793 -12.455 -10.706 -14.785 
0.40404 -14.171 -14.848 -14.970 -14.141 -14.605 -14.915 -13.539 -11.157 -12.983 
0.60606 -14.267 -15.092 -15.108 -15.251 -14.796 -14.462 -13.854 -13.685 -13.396 
0.80808 -13.743 -14.655 -14.927 -14.808 -15.028 -14.237 -13.334 -14.328 -13.947 
1.01010 -13.268 -14.438 -14.467 -14.787 -15.055 -14.443 -14.308 -14.328 -14.584 
1.21212 -13.464 -14.782 -15.078 -15.323 -15.207 -15.331 -14.898 -14.972 -13.909 
1.41414 -13.424 -14.855 -15.292 -15.496 -15.810 -15.802 -15.604 -15.481 -14.954 
1.61616 -13.834 -15.188 -15.716 -15.875 -15.972 -16.029 -15.935 -15.479 -15.532 
1.81818 -13.850 -15.071 -15.547 -16.018 -16.158 -16.324 -16.000 -15.985 -15.565 
2.02020 -13.731 -14.841 -15.387 -15.946 -16.215 -16.171 -15.983 -16.010 -15.792 
2.22222 -13.593 -14.674 -15.324 -15.838 -16.213 -16.262 -16.207 -16.186 -15.712 
2.42424 -13.654 -14.436 -15.233 -15.747 -16.012 -16.250 -16.118 -15.916 -15.700 
2.62626 -13.170 -14.099 -15.034 -15.514 -15.955 -16.179 -16.005 -15.891 -15.797 
2.82828 -13.212 -14.162 -14.819 -15.281 -15.778 -15.977 -15.952 -15.956 -15.824 
3.03030 -12.874 -14.012 -14.721 -15.277 -15.729 -15.919 -15.816 -15.815 -15.694 
3.23232 -12.855 -13.802 -14.559 -15.108 -15.603 -15.907 -15.667 -15.834 -15.609 
3.43434 -12.666 -13.583 -14.399 -15.000 -15.486 -15.684 -15.616 -15.475 -15.336 
3.63636 -12.495 -13.610 -14.248 -14.927 -15.317 -15.567 -15.583 -15.320 -15.306 
3.83838 -12.234 -13.430 -14.182 -14.702 -15.198 -15.501 -15.421 -15.264 -15.193 
4.04040 -12.153 -13.253 -14.066 -14.711 -15.129 -15.357 -15.265 -15.094 -15.031 
4.24242 -11.895 -13.031 -13.827 -14.489 -15.060 -15.322 -15.230 -15.064 -14.837 
4.44444 -11.705 -12.837 -13.727 -14.423 -14.950 -15.307 -15.083 -14.861 -14.945 
4.64646 -11.733 -12.728 -13.625 -14.363 -14.899 -15.125 -15.091 -14.810 -14.598 
4.84848 -11.314 -12.764 -13.671 -14.231 -14.793 -14.976 -14.881 -14.698 -14.700 
5.05051 -11.400 -12.601 -13.433 -14.117 -14.713 -14.932 -14.858 -14.614 -14.506 
5.25253 -11.051 -12.265 -13.311 -14.040 -14.584 -14.797 -14.714 -14.555 -14.484 
5.45455 -10.640 -12.244 -13.171 -13.922 -14.511 -14.738 -14.623 -14.541 -14.324 
5.65657 -10.300 -11.998 -13.043 -13.824 -14.276 -14.661 -14.490 -14.323 -14.376 
5.85859 -10.173 -11.822 -12.982 -13.645 -14.183 -14.503 -14.360 -14.214 -14.232 
6.06061 -10.133 -11.785 -12.851 -13.612 -14.152 -14.440 -14.401 -14.167 -14.107 
6.26263 -9.718 -11.749 -12.817 -13.544 -14.092 -14.335 -14.340 -14.225 -14.108 
6.46465 -9.545 -11.522 -12.719 -13.402 -14.041 -14.270 -14.209 -14.022 -14.012 
6.66667 -9.177 -11.412 -12.429 -13.221 -13.889 -14.208 -14.216 -13.992 -13.827 
6.86869 -8.836 -10.981 -12.278 -13.158 -13.746 -14.138 -14.133 -13.876 -13.702 
7.07071 -8.751 -11.166 -12.350 -13.066 -13.684 -14.050 -14.054 -13.965 -13.717 
7.27273 -9.042 -10.934 -12.051 -13.014 -13.625 -13.887 -13.988 -13.943 -13.730 
7.47475 -8.415 -10.494 -11.893 -12.946 -13.451 -13.921 -13.929 -13.759 -13.664 
7.67677 -8.002 -10.401 -11.878 -12.787 -13.455 -13.776 -13.887 -13.683 -13.523 
7.87879 -8.224 -10.269 -11.747 -12.790 -13.383 -13.629 -13.812 -13.657 -13.460 
8.08081 -7.864 -10.033 -11.532 -12.577 -13.302 -13.608 -13.782 -13.615 -13.429 
8.28283 -7.327 -10.140 -11.483 -12.572 -13.165 -13.593 -13.670 -13.595 -13.445 
8.48485 -7.299 -9.855 -11.360 -12.495 -13.082 -13.485 -13.639 -13.575 -13.358 
8.68687 -7.256 -9.603 -11.322 -12.399 -13.062 -13.352 -13.539 -13.529 -13.280 
8.88889 -6.806 -9.714 -11.243 -12.252 -12.962 -13.277 -13.468 -13.471 -13.222 
9.09091 -6.869 -9.417 -11.006 -12.135 -12.838 -13.195 -13.384 -13.339 -13.219 
9.29293 -6.365 -9.237 -10.952 -12.071 -12.901 -13.152 -13.324 -13.364 -13.163 
9.49495 -5.966 -8.920 -10.836 -11.967 -12.671 -13.038 -13.235 -13.335 -13.283 
9.69697 -5.920 -9.013 -10.822 -11.867 -12.648 -13.030 -13.299 -13.302 -13.055 
9.89899 -5.920 -9.125 -10.576 -11.888 -12.545 -12.943 -13.212 -13.233 -13.048 
10.10101 -5.510 -8.687 -10.534 -11.712 -12.449 -12.873 -13.133 -13.178 -13.047 
10.30303 -5.565 -8.512 -10.429 -11.657 -12.439 -12.795 -13.000 -13.168 -13.091 
10.50505 -5.536 -8.343 -10.368 -11.560 -12.307 -12.727 -13.069 -13.082 -12.973 
10.70707 -4.756 -8.348 -10.147 -11.441 -12.237 -12.616 -13.001 -13.032 -12.946 
10.90909 -4.610 -8.072 -9.994 -11.377 -12.206 -12.604 -12.955 -13.048 -12.928 
11.11111 -4.412 -7.786 -10.027 -11.327 -12.239 -12.482 -12.831 -12.985 -12.935 
11.31313 -5.021 -7.656 -9.844 -11.250 -12.026 -12.426 -12.810 -12.917 -12.906 
11.51515 -4.540 -7.597 -9.961 -11.106 -12.024 -12.401 -12.821 -12.893 -12.843 
11.71717 -5.140 -7.455 -9.626 -11.007 -11.949 -12.409 -12.739 -12.868 -12.818 
11.91919 -4.542 -7.342 -9.446 -10.974 -11.876 -12.338 -12.712 -12.869 -12.822 
12.12121 -3.271 -7.130 -9.333 -10.899 -11.835 -12.280 -12.638 -12.776 -12.810 
12.32323 -3.809 -7.140 -9.294 -10.778 -11.793 -12.201 -12.598 -12.769 -12.770 
12.52525 -3.204 -6.769 -9.208 -10.821 -11.697 -12.129 -12.592 -12.757 -12.804 
12.72727 -3.118 -6.603 -9.056 -10.681 -11.701 -12.065 -12.620 -12.750 -12.696 
12.92929 -3.092 -6.756 -8.953 -10.628 -11.584 -12.102 -12.490 -12.693 -12.783 
13.13131 -2.676 -6.666 -8.908 -10.549 -11.504 -12.107 -12.462 -12.729 -12.716 
13.33333 -2.427 -6.305 -8.835 -10.501 -11.460 -11.994 -12.428 -12.705 -12.651 
13.53535 -2.265 -6.239 -8.794 -10.500 -11.447 -11.986 -12.405 -12.661 -12.728 
13.73737 -2.366 -5.979 -8.687 -10.357 -11.388 -11.917 -12.404 -12.658 -12.675 
13.93939 -2.086 -6.182 -8.488 -10.324 -11.279 -11.823 -12.333 -12.620 -12.690 
14.14141 -2.076 -6.053 -8.386 -10.166 -11.228 -11.784 -12.303 -12.621 -12.671 
14.34343 -1.838 -5.769 -8.330 -10.119 -11.164 -11.744 -12.288 -12.513 -12.626 
14.54545 -1.758 -5.510 -8.341 -10.125 -11.231 -11.733 -12.225 -12.568 -12.606 
14.74747 -1.623 -5.403 -7.971 -10.009 -11.144 -11.654 -12.213 -12.591 -12.569 
14.94949 -1.568 -5.409 -8.124 -9.950 -11.076 -11.636 -12.159 -12.504 -12.592 
15.15152 -1.768 -5.263 -8.095 -9.967 -11.070 -11.654 -12.183 -12.502 -12.592 
15.35354 -1.354 -5.197 -7.932 -9.813 -10.954 -11.574 -12.190 -12.513 -12.586 
15.55556 -1.325 -5.621 -7.972 -9.828 -10.872 -11.591 -12.079 -12.477 -12.550 
15.75758 -1.226 -4.747 -7.776 -9.699 -10.832 -11.524 -12.080 -12.426 -12.545 
15.95960 -1.093 -4.859 -7.769 -9.569 -10.820 -11.420 -12.035 -12.444 -12.600 
16.16162 -1.067 -4.892 -7.410 -9.581 -10.779 -11.366 -12.023 -12.431 -12.459 
16.36364 -0.923 -5.012 -7.521 -9.489 -10.709 -11.354 -12.016 -12.412 -12.569 
16.56566 -0.881 -4.589 -7.402 -9.425 -10.568 -11.309 -11.969 -12.448 -12.499 
16.76768 -0.735 -4.157 -7.370 -9.362 -10.539 -11.301 -11.912 -12.331 -12.499 
16.96970 -0.650 -4.174 -7.111 -9.279 -10.581 -11.200 -11.879 -12.321 -12.447 
17.17172 -0.531 -3.969 -7.101 -9.135 -10.475 -11.136 -11.838 -12.265 -12.464 
17.37374 -0.451 -4.145 -7.126 -9.238 -10.452 -11.125 -11.826 -12.299 -12.420 
17.57576 -0.311 -4.118 -6.992 -9.169 -10.366 -11.070 -11.793 -12.271 -12.466 
17.77778 -0.240 -3.690 -7.002 -9.036 -10.345 -11.020 -11.790 -12.253 -12.406 
17.97980 -0.042 -4.020 -6.762 -9.086 -10.271 -10.995 -11.697 -12.201 -12.413 
18.18182 0.078 -3.344 -6.681 -8.981 -10.229 -10.932 -11.717 -12.185 -12.428 
18.38384 0.214 -3.441 -6.520 -8.949 -10.226 -10.903 -11.684 -12.155 -12.382 
18.58586 0.367 -3.076 -6.572 -8.800 -10.174 -10.852 -11.636 -12.122 -12.357 
18.78788 0.498 -2.733 -6.463 -8.757 -10.074 -10.823 -11.574 -12.131 -12.332 
18.98990 0.641 -2.611 -6.263 -8.762 -10.158 -10.740 -11.606 -12.169 -12.338 
19.19192 0.750 -2.924 -6.454 -8.639 -9.975 -10.773 -11.510 -12.025 -12.295 
19.39394 0.890 -2.432 -6.137 -8.585 -10.055 -10.761 -11.442 -11.989 -12.240 
19.59596 1.021 -2.784 -6.151 -8.430 -9.865 -10.627 -11.342 -11.892 -12.206 
19.79798 1.081 -2.120 -5.752 -8.186 -9.765 -10.552 -11.315 -11.882 -12.107 
20.00000 1.253 -2.243 -5.601 -8.120 -9.522 -10.445 -11.248 -11.755 -12.056 
