# t[days] u g r i z y J H K
0.20202 -11.828 -13.400 -12.327 -13.801 -11.698 -11.126 -7.595 -7.507 -5.120 
0.40404 -14.552 -15.117 -15.638 -15.357 -14.525 -14.963 -14.749 -12.218 -11.203 
0.60606 -15.313 -16.156 -16.443 -16.022 -15.903 -15.508 -15.335 -15.102 -14.733 
0.80808 -15.151 -16.290 -16.602 -16.581 -16.192 -16.164 -15.992 -15.730 -14.817 
1.01010 -15.272 -16.495 -16.826 -16.622 -16.516 -16.406 -16.088 -15.663 -15.482 
1.21212 -15.093 -16.548 -16.821 -16.759 -16.495 -16.573 -16.437 -16.180 -15.877 
1.41414 -15.001 -16.377 -16.823 -16.872 -16.955 -16.920 -16.750 -16.457 -15.864 
1.61616 -14.574 -16.265 -16.818 -16.911 -16.984 -16.853 -16.804 -16.658 -16.394 
1.81818 -14.083 -16.054 -16.626 -16.827 -16.944 -16.935 -16.835 -16.706 -16.442 
2.02020 -13.647 -15.778 -16.435 -16.638 -16.744 -16.942 -16.751 -16.546 -16.324 
2.22222 -13.312 -15.455 -16.274 -16.575 -16.791 -16.721 -16.743 -16.656 -16.367 
2.42424 -12.812 -15.070 -15.904 -16.250 -16.513 -16.747 -16.696 -16.530 -16.313 
2.62626 -12.660 -14.888 -15.677 -16.177 -16.454 -16.604 -16.664 -16.379 -16.252 
2.82828 -12.350 -14.717 -15.378 -15.935 -16.301 -16.407 -16.376 -16.430 -15.995 
3.03030 -12.253 -14.407 -15.223 -15.719 -16.041 -16.236 -16.263 -16.211 -16.167 
3.23232 -11.869 -14.103 -14.993 -15.601 -15.925 -16.110 -16.144 -16.207 -15.901 
3.43434 -11.643 -13.870 -14.887 -15.553 -15.831 -16.023 -16.079 -16.003 -15.812 
3.63636 -11.341 -13.594 -14.683 -15.272 -15.759 -15.968 -15.971 -15.921 -15.837 
3.83838 -11.261 -13.434 -14.519 -15.079 -15.565 -15.831 -15.788 -15.841 -15.658 
4.04040 -11.248 -13.320 -14.384 -14.940 -15.464 -15.769 -15.816 -15.799 -15.735 
4.24242 -11.210 -13.303 -14.280 -14.850 -15.335 -15.569 -15.685 -15.740 -15.647 
4.44444 -10.902 -13.170 -14.153 -14.828 -15.331 -15.574 -15.612 -15.606 -15.566 
4.64646 -10.807 -12.909 -14.005 -14.713 -15.149 -15.458 -15.520 -15.629 -15.457 
4.84848 -10.386 -12.747 -13.874 -14.574 -15.074 -15.257 -15.465 -15.614 -15.471 
5.05051 -10.434 -12.672 -13.761 -14.470 -14.953 -15.244 -15.341 -15.400 -15.378 
5.25253 -10.367 -12.316 -13.466 -14.347 -14.863 -15.196 -15.230 -15.340 -15.264 
5.45455 -9.971 -11.997 -13.306 -14.227 -14.706 -15.099 -15.202 -15.247 -15.301 
5.65657 -9.832 -12.018 -13.292 -14.115 -14.673 -14.915 -15.173 -15.156 -15.295 
5.85859 -9.766 -11.875 -13.186 -14.038 -14.602 -14.912 -15.045 -15.179 -15.172 
6.06061 -9.344 -11.886 -12.972 -13.952 -14.486 -14.732 -14.941 -15.116 -15.117 
6.26263 -9.340 -11.731 -12.898 -13.746 -14.402 -14.701 -14.898 -14.917 -14.997 
6.46465 -9.359 -11.540 -12.923 -13.739 -14.275 -14.623 -14.832 -14.949 -14.992 
6.66667 -9.120 -11.296 -12.597 -13.588 -14.204 -14.513 -14.676 -14.872 -14.872 
6.86869 -8.976 -11.067 -12.407 -13.384 -14.067 -14.409 -14.655 -14.701 -14.825 
7.07071 -8.777 -11.137 -12.514 -13.395 -14.018 -14.480 -14.563 -14.669 -14.691 
7.27273 -8.698 -11.096 -12.409 -13.278 -13.956 -14.306 -14.511 -14.706 -14.816 
7.47475 -8.470 -10.928 -12.276 -13.158 -13.833 -14.290 -14.421 -14.563 -14.622 
7.67677 -8.141 -10.782 -12.241 -13.112 -13.715 -14.091 -14.306 -14.567 -14.574 
7.87879 -8.079 -10.557 -12.254 -13.134 -13.719 -14.046 -14.310 -14.439 -14.506 
8.08081 -8.194 -10.626 -12.057 -13.047 -13.737 -14.031 -14.176 -14.341 -14.509 
8.28283 -7.779 -10.303 -11.912 -12.928 -13.562 -13.947 -14.177 -14.350 -14.463 
8.48485 -7.547 -10.158 -11.694 -12.774 -13.508 -13.895 -14.048 -14.324 -14.328 
8.68687 -7.453 -9.981 -11.623 -12.693 -13.417 -13.710 -14.008 -14.146 -14.324 
8.88889 -7.108 -9.930 -11.590 -12.618 -13.416 -13.691 -13.986 -14.116 -14.210 
9.09091 -6.852 -9.660 -11.561 -12.542 -13.315 -13.697 -13.918 -14.018 -14.225 
9.29293 -6.697 -9.795 -11.429 -12.534 -13.277 -13.520 -13.875 -14.017 -14.112 
9.49495 -6.695 -9.535 -11.251 -12.357 -13.118 -13.527 -13.785 -13.971 -14.066 
9.69697 -6.380 -9.229 -11.146 -12.238 -13.003 -13.475 -13.746 -13.914 -13.977 
9.89899 -6.124 -9.231 -10.951 -12.278 -13.041 -13.446 -13.699 -13.871 -13.986 
10.10101 -6.489 -9.058 -10.970 -12.242 -12.941 -13.242 -13.644 -13.758 -13.885 
10.30303 -5.683 -8.859 -10.795 -12.029 -12.727 -13.270 -13.520 -13.587 -13.860 
10.50505 -5.620 -8.924 -10.718 -11.915 -12.741 -13.142 -13.459 -13.657 -13.830 
10.70707 -5.561 -8.725 -10.654 -11.922 -12.715 -13.123 -13.409 -13.672 -13.747 
10.90909 -5.597 -8.404 -10.573 -11.853 -12.540 -12.973 -13.349 -13.521 -13.717 
11.11111 -5.188 -8.296 -10.453 -11.710 -12.487 -12.945 -13.305 -13.484 -13.603 
11.31313 -5.093 -8.424 -10.368 -11.676 -12.539 -12.842 -13.225 -13.415 -13.550 
11.51515 -4.919 -8.116 -10.213 -11.569 -12.369 -12.787 -13.207 -13.421 -13.454 
11.71717 -4.663 -8.091 -10.071 -11.480 -12.324 -12.759 -13.116 -13.387 -13.486 
11.91919 -4.990 -7.732 -10.012 -11.373 -12.144 -12.723 -13.043 -13.320 -13.343 
12.12121 -4.291 -7.595 -9.936 -11.322 -12.148 -12.677 -13.065 -13.253 -13.380 
12.32323 -4.077 -7.590 -9.788 -11.234 -12.130 -12.643 -13.013 -13.213 -13.291 
12.52525 -4.118 -7.397 -9.600 -11.108 -11.969 -12.513 -12.945 -13.197 -13.313 
12.72727 -4.099 -7.386 -9.480 -11.070 -11.959 -12.489 -12.887 -13.104 -13.218 
12.92929 -3.809 -7.153 -9.417 -10.934 -11.884 -12.458 -12.857 -13.122 -13.245 
13.13131 -3.737 -6.832 -9.459 -10.908 -11.790 -12.325 -12.781 -13.042 -13.141 
13.33333 -3.390 -6.882 -9.278 -10.821 -11.808 -12.287 -12.762 -12.997 -13.144 
13.53535 -3.409 -6.813 -9.377 -10.853 -11.713 -12.253 -12.701 -13.032 -13.221 
13.73737 -3.187 -6.629 -9.053 -10.719 -11.643 -12.286 -12.696 -12.936 -13.126 
13.93939 -3.876 -6.402 -8.950 -10.647 -11.559 -12.133 -12.649 -12.976 -13.098 
14.14141 -3.514 -6.524 -8.760 -10.524 -11.524 -12.105 -12.580 -12.908 -13.180 
14.34343 -2.819 -6.384 -8.788 -10.429 -11.560 -12.044 -12.611 -12.875 -13.051 
14.54545 -2.531 -6.202 -8.671 -10.393 -11.511 -11.981 -12.520 -12.872 -12.966 
14.74747 -2.483 -5.828 -8.622 -10.332 -11.400 -11.957 -12.497 -12.862 -12.937 
14.94949 -2.480 -5.652 -8.410 -10.291 -11.308 -11.858 -12.454 -12.847 -12.986 
15.15152 -2.086 -6.123 -8.392 -10.203 -11.297 -11.920 -12.393 -12.717 -12.915 
15.35354 -2.019 -5.905 -8.305 -10.033 -11.227 -11.812 -12.368 -12.768 -12.896 
15.55556 -1.900 -5.409 -8.146 -10.121 -11.148 -11.698 -12.377 -12.766 -12.901 
15.75758 -1.727 -5.453 -8.002 -10.008 -11.155 -11.723 -12.331 -12.719 -12.841 
15.95960 -2.609 -5.431 -7.980 -9.944 -11.066 -11.735 -12.274 -12.668 -12.841 
16.16162 -1.494 -5.062 -8.120 -9.884 -11.009 -11.674 -12.268 -12.675 -12.817 
16.36364 -1.371 -5.080 -7.974 -9.930 -10.960 -11.591 -12.255 -12.674 -12.785 
16.56566 -1.295 -5.105 -7.862 -9.896 -10.919 -11.606 -12.222 -12.627 -12.772 
16.76768 -1.201 -4.909 -7.626 -9.726 -10.885 -11.476 -12.174 -12.615 -12.788 
16.96970 -1.120 -4.691 -7.612 -9.809 -10.814 -11.480 -12.151 -12.566 -12.702 
17.17172 -1.084 -4.429 -7.749 -9.653 -10.802 -11.506 -12.149 -12.589 -12.843 
17.37374 -1.018 -4.504 -7.490 -9.443 -10.738 -11.422 -12.126 -12.551 -12.741 
17.57576 -0.930 -4.627 -7.302 -9.495 -10.694 -11.498 -12.094 -12.536 -12.730 
17.77778 -0.863 -3.940 -7.449 -9.616 -10.671 -11.302 -12.118 -12.537 -12.751 
17.97980 -0.785 -4.449 -7.242 -9.367 -10.634 -11.329 -12.066 -12.497 -12.749 
18.18182 -0.748 -4.365 -7.158 -9.202 -10.538 -11.341 -12.033 -12.474 -12.696 
18.38384 -0.599 -4.039 -7.206 -9.204 -10.536 -11.329 -12.020 -12.447 -12.752 
18.58586 -0.559 -3.919 -7.096 -9.148 -10.530 -11.170 -11.981 -12.466 -12.630 
18.78788 -0.445 -3.510 -7.030 -9.145 -10.479 -11.161 -11.950 -12.436 -12.655 
18.98990 -0.400 -3.957 -6.920 -8.967 -10.418 -11.134 -11.866 -12.413 -12.659 
19.19192 -0.250 -3.848 -6.673 -8.997 -10.356 -11.069 -11.808 -12.333 -12.532 
19.39394 -0.165 -3.544 -6.721 -8.927 -10.303 -11.066 -11.827 -12.313 -12.590 
19.59596 -0.140 -3.395 -6.496 -8.939 -10.190 -10.967 -11.715 -12.247 -12.517 
19.79798 -0.061 -3.246 -6.323 -8.618 -10.066 -10.860 -11.682 -12.162 -12.473 
20.00000 0.098 -3.026 -5.993 -8.608 -10.094 -10.744 -11.547 -12.099 -12.387 
