# t[days] u g r i z y J H K
0.20202 -11.188 -11.791 -13.282 -11.044 -11.880 -12.826 -13.137 -9.713 -3.990 
0.40404 -14.637 -15.138 -15.214 -14.618 -14.847 -14.076 -13.523 -12.080 -10.836 
0.60606 -14.642 -15.554 -15.907 -15.737 -15.736 -15.317 -14.230 -15.204 -13.352 
0.80808 -14.852 -16.045 -16.482 -16.343 -16.376 -15.920 -15.382 -15.202 -14.532 
1.01010 -15.089 -16.224 -16.652 -16.353 -16.217 -16.281 -15.844 -15.418 -15.212 
1.21212 -14.688 -16.215 -16.596 -16.660 -16.269 -16.196 -16.181 -15.854 -15.208 
1.41414 -14.460 -16.142 -16.500 -16.601 -16.694 -16.407 -16.301 -16.387 -15.604 
1.61616 -14.268 -16.159 -16.439 -16.538 -16.663 -16.598 -16.426 -16.261 -15.817 
1.81818 -13.817 -15.820 -16.428 -16.604 -16.572 -16.638 -16.310 -16.264 -16.029 
2.02020 -13.499 -15.665 -16.324 -16.487 -16.468 -16.673 -16.493 -16.409 -16.364 
2.22222 -12.943 -15.476 -16.086 -16.386 -16.429 -16.607 -16.394 -16.279 -16.130 
2.42424 -13.112 -15.214 -15.903 -16.185 -16.338 -16.516 -16.416 -16.433 -16.109 
2.62626 -12.615 -14.894 -15.643 -16.026 -16.259 -16.581 -16.183 -16.324 -16.054 
2.82828 -12.249 -14.679 -15.330 -15.803 -16.048 -16.312 -16.294 -16.170 -15.916 
3.03030 -12.352 -14.320 -15.158 -15.563 -15.947 -16.048 -16.130 -16.053 -15.953 
3.23232 -11.907 -14.076 -14.956 -15.459 -15.876 -15.956 -15.971 -15.988 -16.145 
3.43434 -11.696 -13.753 -14.684 -15.255 -15.672 -15.878 -15.810 -15.866 -15.761 
3.63636 -11.368 -13.493 -14.465 -15.078 -15.619 -15.745 -15.748 -15.724 -15.818 
3.83838 -11.283 -13.272 -14.281 -14.941 -15.467 -15.635 -15.782 -15.617 -15.623 
4.04040 -10.998 -13.016 -14.104 -14.730 -15.370 -15.487 -15.497 -15.583 -15.623 
4.24242 -10.923 -12.916 -13.943 -14.621 -15.214 -15.388 -15.504 -15.691 -15.499 
4.44444 -10.670 -12.813 -13.796 -14.581 -15.059 -15.342 -15.399 -15.544 -15.410 
4.64646 -10.617 -12.576 -13.720 -14.410 -15.003 -15.297 -15.395 -15.508 -15.418 
4.84848 -10.680 -12.437 -13.652 -14.320 -14.854 -15.089 -15.287 -15.342 -15.277 
5.05051 -10.305 -12.345 -13.430 -14.146 -14.726 -15.006 -15.124 -15.248 -15.147 
5.25253 -10.111 -11.959 -13.202 -14.028 -14.577 -14.899 -14.970 -15.216 -15.252 
5.45455 -10.061 -12.069 -13.276 -13.962 -14.623 -15.003 -15.054 -15.118 -14.987 
5.65657 -10.000 -12.070 -13.159 -13.911 -14.459 -14.863 -14.949 -14.924 -15.074 
5.85859 -10.008 -11.935 -12.981 -13.754 -14.271 -14.809 -14.865 -15.023 -14.909 
6.06061 -9.479 -11.626 -12.796 -13.752 -14.307 -14.646 -14.825 -14.855 -15.029 
6.26263 -9.696 -11.800 -13.171 -13.746 -14.306 -14.628 -14.626 -14.724 -15.001 
6.46465 -9.954 -11.660 -12.769 -13.686 -14.291 -14.510 -14.606 -14.687 -14.761 
6.66667 -9.455 -11.522 -12.577 -13.486 -14.145 -14.447 -14.487 -14.714 -14.756 
6.86869 -9.129 -11.377 -12.626 -13.476 -14.056 -14.412 -14.452 -14.580 -14.733 
7.07071 -8.831 -11.302 -12.443 -13.269 -13.950 -14.273 -14.485 -14.518 -14.699 
7.27273 -8.612 -10.887 -12.219 -13.125 -13.839 -14.097 -14.382 -14.534 -14.406 
7.47475 -8.636 -10.674 -12.120 -13.208 -13.877 -14.177 -14.248 -14.438 -14.415 
7.67677 -8.609 -10.791 -12.021 -13.179 -13.696 -14.049 -14.281 -14.417 -14.527 
7.87879 -8.336 -10.568 -11.913 -12.889 -13.616 -14.042 -14.127 -14.286 -14.410 
8.08081 -7.966 -10.331 -11.820 -12.867 -13.613 -13.918 -14.113 -14.262 -14.394 
8.28283 -8.623 -10.654 -11.879 -12.864 -13.502 -13.848 -14.080 -14.159 -14.343 
8.48485 -8.218 -10.035 -11.558 -12.710 -13.460 -13.794 -14.085 -14.007 -14.217 
8.68687 -7.547 -10.234 -11.562 -12.654 -13.429 -13.737 -13.971 -14.101 -14.087 
8.88889 -7.595 -9.869 -11.570 -12.637 -13.306 -13.775 -13.954 -14.033 -14.238 
9.09091 -7.101 -9.721 -11.338 -12.489 -13.177 -13.703 -13.897 -13.972 -14.092 
9.29293 -7.096 -9.592 -11.385 -12.442 -13.191 -13.591 -13.854 -13.963 -14.054 
9.49495 -7.100 -9.564 -11.096 -12.390 -13.161 -13.563 -13.723 -13.865 -14.053 
9.69697 -7.116 -9.367 -11.214 -12.235 -12.914 -13.456 -13.692 -13.849 -14.010 
9.89899 -6.642 -9.446 -11.121 -12.197 -12.990 -13.402 -13.549 -13.883 -14.025 
10.10101 -6.620 -9.049 -10.924 -12.146 -12.910 -13.324 -13.574 -13.678 -13.714 
10.30303 -6.301 -8.940 -10.887 -12.072 -12.885 -13.275 -13.571 -13.630 -13.823 
10.50505 -6.287 -9.044 -10.700 -11.997 -12.741 -13.200 -13.439 -13.621 -13.801 
10.70707 -6.158 -8.793 -10.604 -11.763 -12.720 -13.186 -13.419 -13.646 -13.763 
10.90909 -5.862 -8.563 -10.577 -11.789 -12.704 -13.123 -13.333 -13.518 -13.687 
11.11111 -5.555 -8.414 -10.448 -11.677 -12.532 -13.011 -13.376 -13.601 -13.771 
11.31313 -5.411 -8.381 -10.222 -11.702 -12.521 -12.915 -13.283 -13.453 -13.586 
11.51515 -5.563 -8.121 -10.140 -11.588 -12.458 -12.872 -13.210 -13.383 -13.487 
11.71717 -4.999 -8.085 -10.096 -11.493 -12.392 -12.840 -13.213 -13.363 -13.615 
11.91919 -5.104 -8.080 -10.028 -11.316 -12.303 -12.756 -13.082 -13.297 -13.478 
12.12121 -5.188 -7.858 -10.077 -11.303 -12.224 -12.739 -13.065 -13.259 -13.400 
12.32323 -4.862 -7.466 -9.816 -11.202 -12.127 -12.624 -13.017 -13.181 -13.302 
12.52525 -4.666 -7.650 -9.813 -11.217 -12.106 -12.577 -12.964 -13.208 -13.280 
12.72727 -4.371 -7.418 -9.675 -11.114 -12.039 -12.537 -12.923 -13.179 -13.311 
12.92929 -4.180 -7.425 -9.503 -11.118 -11.978 -12.527 -12.896 -13.056 -13.179 
13.13131 -4.099 -7.084 -9.340 -10.951 -11.902 -12.408 -12.866 -13.044 -13.157 
13.33333 -4.111 -6.899 -9.458 -10.853 -11.809 -12.425 -12.824 -13.032 -13.176 
13.53535 -3.784 -7.082 -9.183 -10.740 -11.768 -12.386 -12.765 -13.019 -13.121 
13.73737 -3.784 -7.240 -9.098 -10.668 -11.730 -12.216 -12.744 -12.930 -13.037 
13.93939 -3.570 -6.724 -8.931 -10.695 -11.687 -12.217 -12.683 -12.934 -13.083 
14.14141 -3.839 -6.833 -9.002 -10.514 -11.588 -12.215 -12.610 -12.890 -13.006 
14.34343 -3.514 -6.535 -9.088 -10.476 -11.573 -12.061 -12.569 -12.934 -13.022 
14.54545 -4.268 -6.081 -8.831 -10.568 -11.475 -12.052 -12.542 -12.799 -12.954 
14.74747 -3.251 -6.378 -8.753 -10.370 -11.460 -11.969 -12.530 -12.819 -12.937 
14.94949 -3.111 -6.181 -8.493 -10.324 -11.273 -11.942 -12.481 -12.814 -12.895 
15.15152 -2.951 -6.030 -8.448 -10.247 -11.314 -11.932 -12.442 -12.779 -12.833 
15.35354 -2.883 -5.774 -8.461 -10.226 -11.266 -11.875 -12.413 -12.741 -12.863 
15.55556 -2.697 -6.014 -8.356 -10.105 -11.211 -11.788 -12.358 -12.811 -12.822 
15.75758 -2.550 -5.885 -8.333 -10.114 -11.163 -11.773 -12.382 -12.709 -12.909 
15.95960 -2.794 -5.586 -8.224 -9.969 -11.085 -11.771 -12.280 -12.719 -12.800 
16.16162 -2.259 -5.288 -7.965 -9.931 -11.118 -11.682 -12.239 -12.714 -12.762 
16.36364 -2.152 -5.181 -8.087 -9.867 -11.017 -11.628 -12.216 -12.644 -12.754 
16.56566 -2.059 -5.252 -7.727 -9.825 -10.874 -11.627 -12.229 -12.600 -12.784 
16.76768 -1.878 -5.121 -7.787 -9.722 -10.952 -11.609 -12.236 -12.620 -12.745 
16.96970 -1.815 -5.016 -7.829 -9.749 -10.834 -11.487 -12.174 -12.554 -12.729 
17.17172 -1.620 -4.718 -7.626 -9.637 -10.835 -11.486 -12.113 -12.540 -12.640 
17.37374 -1.505 -4.819 -7.529 -9.574 -10.800 -11.483 -12.131 -12.551 -12.716 
17.57576 -1.374 -4.645 -7.505 -9.559 -10.771 -11.395 -12.043 -12.515 -12.677 
17.77778 -1.275 -5.088 -7.404 -9.447 -10.670 -11.439 -12.076 -12.504 -12.683 
17.97980 -1.564 -4.414 -7.268 -9.301 -10.772 -11.396 -11.999 -12.463 -12.659 
18.18182 -1.105 -4.369 -7.160 -9.410 -10.649 -11.320 -11.997 -12.413 -12.634 
18.38384 -0.962 -4.645 -7.067 -9.236 -10.575 -11.320 -12.051 -12.429 -12.720 
18.58586 -0.879 -4.120 -7.270 -9.277 -10.656 -11.269 -11.966 -12.498 -12.637 
18.78788 -0.882 -4.157 -7.077 -9.147 -10.550 -11.137 -11.971 -12.406 -12.684 
18.98990 -0.729 -3.934 -7.006 -9.142 -10.438 -11.131 -11.860 -12.362 -12.520 
19.19192 -0.672 -3.998 -6.801 -8.959 -10.419 -11.120 -11.835 -12.361 -12.516 
19.39394 -0.610 -3.862 -6.687 -9.065 -10.260 -11.028 -11.826 -12.358 -12.503 
19.59596 -0.553 -4.061 -6.698 -8.893 -10.270 -10.957 -11.804 -12.228 -12.463 
19.79798 -0.488 -3.210 -6.436 -8.736 -10.045 -10.945 -11.685 -12.210 -12.401 
20.00000 -0.393 -3.057 -6.301 -8.608 -9.986 -10.830 -11.586 -12.121 -12.388 
