# t[days] u g r i z y J H K
0.20202 -12.245 -12.304 -11.376 -12.216 -13.526 -12.206 -13.074 -11.121 -6.638 
0.40404 -14.428 -15.011 -15.278 -14.746 -14.435 -15.084 -14.553 -14.873 -11.440 
0.60606 -14.764 -15.821 -16.177 -15.919 -15.812 -15.834 -15.090 -14.705 -14.419 
0.80808 -15.094 -16.035 -16.315 -16.197 -16.144 -15.906 -16.020 -15.131 -15.119 
1.01010 -15.117 -16.282 -16.469 -16.363 -16.190 -16.131 -15.992 -15.668 -14.789 
1.21212 -14.627 -16.030 -16.404 -16.327 -16.137 -15.803 -15.961 -15.739 -15.633 
1.41414 -14.552 -15.927 -16.330 -16.533 -16.723 -16.388 -16.373 -15.956 -16.429 
1.61616 -14.213 -15.891 -16.380 -16.541 -16.711 -16.812 -16.513 -16.433 -16.283 
1.81818 -13.894 -15.843 -16.400 -16.680 -16.803 -16.709 -16.543 -16.478 -16.395 
2.02020 -13.752 -15.654 -16.244 -16.524 -16.750 -16.861 -16.715 -16.550 -16.325 
2.22222 -13.546 -15.480 -16.086 -16.535 -16.551 -16.653 -16.822 -16.553 -16.305 
2.42424 -13.190 -15.290 -15.963 -16.287 -16.581 -16.711 -16.657 -16.511 -16.403 
2.62626 -13.026 -15.029 -15.825 -16.156 -16.526 -16.576 -16.595 -16.461 -16.235 
2.82828 -12.975 -14.861 -15.558 -16.035 -16.342 -16.459 -16.604 -16.473 -16.317 
3.03030 -12.890 -14.571 -15.327 -15.947 -16.194 -16.334 -16.431 -16.346 -16.393 
3.23232 -12.452 -14.181 -15.165 -15.708 -16.069 -16.309 -16.181 -16.167 -16.155 
3.43434 -12.435 -14.282 -15.065 -15.575 -15.895 -16.131 -16.085 -16.178 -15.952 
3.63636 -12.245 -13.912 -14.771 -15.374 -15.731 -15.920 -15.991 -15.960 -15.951 
3.83838 -12.264 -13.885 -14.614 -15.201 -15.639 -15.871 -15.923 -15.909 -15.836 
4.04040 -11.854 -13.525 -14.535 -15.146 -15.527 -15.874 -15.793 -15.888 -15.728 
4.24242 -11.718 -13.305 -14.402 -15.023 -15.506 -15.738 -15.757 -15.538 -15.712 
4.44444 -11.712 -13.279 -14.063 -14.848 -15.353 -15.693 -15.625 -15.610 -15.710 
4.64646 -11.285 -12.832 -13.877 -14.678 -15.207 -15.532 -15.496 -15.495 -15.539 
4.84848 -11.418 -12.933 -13.934 -14.651 -15.126 -15.445 -15.394 -15.479 -15.455 
5.05051 -10.932 -12.723 -13.767 -14.490 -14.978 -15.323 -15.366 -15.277 -15.284 
5.25253 -10.984 -12.596 -13.772 -14.422 -14.880 -15.124 -15.240 -15.317 -15.220 
5.45455 -10.733 -12.529 -13.577 -14.263 -14.825 -14.974 -15.132 -15.218 -15.228 
5.65657 -10.754 -12.435 -13.289 -14.216 -14.721 -15.014 -15.064 -15.105 -15.094 
5.85859 -10.438 -12.327 -13.295 -14.034 -14.541 -14.856 -14.914 -14.997 -15.004 
6.06061 -10.354 -12.017 -13.179 -13.955 -14.505 -14.739 -14.919 -14.908 -14.935 
6.26263 -10.131 -11.817 -13.051 -13.748 -14.333 -14.763 -14.742 -14.828 -14.902 
6.46465 -9.911 -11.795 -12.886 -13.731 -14.306 -14.551 -14.666 -14.777 -14.880 
6.66667 -9.803 -11.817 -12.896 -13.721 -14.281 -14.576 -14.647 -14.753 -14.803 
6.86869 -9.774 -11.417 -12.678 -13.546 -14.113 -14.436 -14.547 -14.600 -14.677 
7.07071 -9.211 -11.456 -12.705 -13.538 -14.092 -14.419 -14.473 -14.521 -14.567 
7.27273 -9.374 -11.486 -12.576 -13.375 -14.014 -14.285 -14.392 -14.494 -14.568 
7.47475 -8.885 -11.115 -12.382 -13.302 -13.832 -14.307 -14.340 -14.440 -14.435 
7.67677 -8.591 -11.117 -12.392 -13.268 -13.825 -14.143 -14.195 -14.410 -14.333 
7.87879 -8.454 -10.685 -12.100 -13.075 -13.698 -14.208 -14.217 -14.167 -14.336 
8.08081 -8.167 -10.871 -12.076 -13.012 -13.715 -14.031 -14.239 -14.181 -14.128 
8.28283 -8.175 -10.710 -11.964 -12.963 -13.533 -13.888 -14.123 -14.140 -14.206 
8.48485 -7.972 -10.518 -12.036 -12.868 -13.533 -13.977 -13.974 -14.110 -14.071 
8.68687 -7.821 -10.346 -11.735 -12.856 -13.376 -13.873 -14.046 -14.060 -14.116 
8.88889 -7.851 -10.275 -11.597 -12.751 -13.370 -13.640 -13.959 -13.980 -14.045 
9.09091 -7.457 -9.815 -11.424 -12.576 -13.232 -13.684 -13.809 -13.884 -13.980 
9.29293 -6.823 -9.824 -11.473 -12.454 -13.191 -13.618 -13.724 -13.862 -13.863 
9.49495 -6.884 -9.620 -11.364 -12.460 -13.153 -13.570 -13.740 -13.808 -13.773 
9.69697 -6.420 -9.358 -11.192 -12.303 -13.093 -13.440 -13.732 -13.797 -13.760 
9.89899 -6.774 -9.451 -11.121 -12.254 -13.075 -13.324 -13.648 -13.655 -13.693 
10.10101 -6.523 -9.485 -11.068 -12.152 -12.892 -13.354 -13.590 -13.699 -13.766 
10.30303 -6.078 -9.135 -10.954 -12.054 -12.817 -13.257 -13.487 -13.567 -13.686 
10.50505 -6.409 -9.072 -10.837 -12.011 -12.736 -13.202 -13.444 -13.478 -13.547 
10.70707 -5.860 -8.742 -10.768 -11.901 -12.755 -13.077 -13.381 -13.597 -13.524 
10.90909 -5.375 -8.582 -10.697 -11.903 -12.577 -13.023 -13.406 -13.500 -13.470 
11.11111 -5.362 -8.411 -10.398 -11.713 -12.526 -12.918 -13.216 -13.357 -13.424 
11.31313 -5.214 -8.583 -10.251 -11.639 -12.447 -12.863 -13.160 -13.331 -13.344 
11.51515 -5.215 -8.305 -10.254 -11.612 -12.366 -12.872 -13.164 -13.323 -13.275 
11.71717 -5.084 -8.100 -10.020 -11.518 -12.315 -12.743 -13.160 -13.310 -13.302 
11.91919 -4.689 -7.895 -9.960 -11.340 -12.262 -12.742 -13.045 -13.172 -13.239 
12.12121 -4.361 -7.719 -9.906 -11.343 -12.157 -12.681 -13.017 -13.167 -13.177 
12.32323 -4.361 -7.649 -9.771 -11.297 -12.127 -12.555 -12.970 -13.189 -13.262 
12.52525 -4.374 -7.469 -9.666 -11.223 -12.122 -12.486 -12.916 -13.101 -13.212 
12.72727 -3.852 -7.193 -9.598 -11.033 -11.987 -12.428 -12.803 -13.101 -13.035 
12.92929 -4.262 -7.317 -9.618 -11.014 -11.905 -12.430 -12.796 -13.083 -13.076 
13.13131 -3.845 -6.991 -9.660 -10.950 -11.969 -12.390 -12.781 -12.986 -13.186 
13.33333 -3.688 -7.123 -9.272 -10.892 -11.793 -12.336 -12.721 -13.012 -12.986 
13.53535 -3.371 -6.842 -9.146 -10.769 -11.668 -12.258 -12.702 -12.920 -13.001 
13.73737 -3.154 -6.809 -9.181 -10.698 -11.678 -12.173 -12.665 -12.972 -12.979 
13.93939 -2.997 -6.503 -8.973 -10.697 -11.646 -12.114 -12.568 -12.876 -12.945 
14.14141 -2.780 -6.285 -8.841 -10.676 -11.559 -12.089 -12.585 -12.858 -12.942 
14.34343 -2.681 -6.408 -8.804 -10.392 -11.474 -12.052 -12.534 -12.812 -12.892 
14.54545 -2.597 -6.608 -8.746 -10.458 -11.463 -12.004 -12.564 -12.823 -12.905 
14.74747 -2.446 -5.996 -8.615 -10.405 -11.391 -11.939 -12.491 -12.771 -12.919 
14.94949 -2.516 -6.105 -8.548 -10.320 -11.331 -11.889 -12.464 -12.776 -12.845 
15.15152 -2.109 -5.786 -8.595 -10.259 -11.271 -11.828 -12.438 -12.778 -12.838 
15.35354 -1.941 -5.695 -8.320 -10.115 -11.205 -11.797 -12.346 -12.695 -12.777 
15.55556 -2.031 -5.850 -8.299 -10.073 -11.231 -11.764 -12.362 -12.721 -12.836 
15.75758 -1.687 -5.839 -8.297 -10.019 -11.178 -11.702 -12.384 -12.644 -12.766 
15.95960 -1.663 -5.534 -8.059 -9.987 -11.137 -11.751 -12.307 -12.638 -12.843 
16.16162 -1.498 -5.189 -8.204 -9.843 -11.019 -11.678 -12.299 -12.635 -12.795 
16.36364 -1.393 -4.872 -7.970 -9.880 -11.078 -11.556 -12.264 -12.651 -12.753 
16.56566 -1.299 -5.078 -7.881 -9.715 -10.963 -11.555 -12.256 -12.666 -12.821 
16.76768 -1.735 -5.295 -7.758 -9.700 -10.832 -11.508 -12.159 -12.692 -12.761 
16.96970 -1.137 -4.739 -7.497 -9.681 -10.863 -11.529 -12.163 -12.593 -12.724 
17.17172 -1.075 -4.598 -7.727 -9.633 -10.691 -11.470 -12.069 -12.504 -12.678 
17.37374 -0.953 -5.157 -7.519 -9.485 -10.797 -11.482 -12.067 -12.517 -12.716 
17.57576 -0.892 -4.497 -7.564 -9.571 -10.705 -11.393 -12.066 -12.550 -12.685 
17.77778 -0.850 -4.622 -7.309 -9.484 -10.861 -11.316 -12.037 -12.514 -12.679 
17.97980 -0.773 -4.891 -7.440 -9.363 -10.592 -11.246 -12.091 -12.479 -12.668 
18.18182 -0.701 -4.237 -7.045 -9.318 -10.616 -11.228 -12.008 -12.427 -12.681 
18.38384 -0.592 -3.621 -7.117 -9.393 -10.533 -11.230 -11.971 -12.425 -12.629 
18.58586 -1.094 -3.804 -7.005 -9.094 -10.485 -11.177 -11.927 -12.380 -12.649 
18.78788 -0.430 -3.764 -6.969 -9.205 -10.407 -11.127 -11.926 -12.425 -12.608 
18.98990 -0.375 -3.787 -6.955 -9.170 -10.324 -11.143 -11.911 -12.365 -12.564 
19.19192 -0.312 -3.414 -6.698 -9.029 -10.283 -11.055 -11.785 -12.319 -12.573 
19.39394 -0.245 -3.447 -6.476 -8.840 -10.238 -11.174 -11.790 -12.317 -12.526 
19.59596 -0.116 -3.471 -6.483 -8.784 -10.192 -11.026 -11.710 -12.245 -12.454 
19.79798 -0.023 -3.180 -6.272 -8.582 -10.140 -10.858 -11.645 -12.226 -12.426 
20.00000 0.061 -2.697 -6.105 -8.447 -9.963 -10.788 -11.517 -12.104 -12.357 
