# t[days] u g r i z y J H K
0.20202 -11.299 -11.796 -9.791 -9.541 -9.659 -8.365 -8.430 -8.893 -10.706 
0.40404 -13.630 -14.633 -15.083 -14.995 -13.990 -14.361 -14.039 -13.494 -11.754 
0.60606 -14.677 -15.553 -15.791 -15.600 -14.959 -15.102 -15.066 -14.174 -13.990 
0.80808 -14.901 -15.736 -16.163 -15.808 -15.847 -15.307 -15.304 -15.025 -14.620 
1.01010 -14.201 -15.985 -16.187 -15.984 -15.957 -15.454 -15.474 -15.667 -15.249 
1.21212 -14.219 -15.678 -15.765 -15.993 -15.616 -15.523 -15.572 -15.568 -14.126 
1.41414 -13.932 -15.517 -15.795 -15.981 -15.918 -15.721 -15.864 -15.603 -15.031 
1.61616 -13.499 -15.403 -15.993 -15.924 -16.049 -15.955 -16.180 -15.755 -15.452 
1.81818 -13.174 -15.395 -15.704 -15.930 -16.272 -16.326 -16.182 -16.254 -16.034 
2.02020 -13.076 -15.466 -15.866 -16.009 -16.163 -16.277 -16.211 -16.175 -15.871 
2.22222 -13.049 -15.164 -15.695 -15.930 -16.027 -16.331 -16.172 -16.289 -16.018 
2.42424 -13.024 -14.972 -15.541 -15.901 -16.155 -16.169 -16.203 -16.164 -15.941 
2.62626 -12.531 -14.685 -15.277 -15.634 -16.075 -16.145 -15.977 -16.121 -16.012 
2.82828 -12.713 -14.578 -15.214 -15.460 -15.982 -15.995 -16.128 -16.076 -15.964 
3.03030 -12.430 -14.127 -14.816 -15.469 -15.803 -15.920 -15.971 -16.068 -15.908 
3.23232 -12.478 -13.992 -14.847 -15.295 -15.624 -15.916 -15.867 -15.896 -15.941 
3.43434 -12.014 -13.900 -14.582 -15.211 -15.624 -15.797 -15.782 -15.752 -15.935 
3.63636 -11.980 -13.443 -14.266 -14.975 -15.495 -15.524 -15.796 -15.668 -15.671 
3.83838 -11.671 -13.523 -14.191 -14.719 -15.300 -15.502 -15.586 -15.645 -15.415 
4.04040 -11.705 -13.081 -13.980 -14.636 -15.199 -15.401 -15.583 -15.608 -15.596 
4.24242 -11.479 -12.679 -13.890 -14.436 -15.097 -15.284 -15.461 -15.323 -15.568 
4.44444 -11.418 -12.435 -13.636 -14.354 -14.914 -15.333 -15.310 -15.487 -15.243 
4.64646 -11.159 -12.758 -13.860 -14.450 -15.046 -15.199 -15.149 -15.274 -15.511 
4.84848 -10.920 -12.456 -13.339 -14.299 -14.807 -15.167 -15.212 -15.304 -15.242 
5.05051 -10.632 -12.166 -13.212 -14.013 -14.727 -15.055 -15.080 -15.041 -15.196 
5.25253 -10.448 -12.078 -13.292 -14.059 -14.606 -14.897 -14.964 -15.154 -15.012 
5.45455 -10.246 -11.964 -13.024 -13.921 -14.573 -14.817 -14.877 -15.078 -14.864 
5.65657 -10.096 -11.867 -12.956 -13.883 -14.425 -14.854 -14.896 -14.979 -15.001 
5.85859 -10.670 -12.018 -12.874 -13.791 -14.319 -14.657 -14.796 -14.893 -15.095 
6.06061 -9.906 -11.933 -12.742 -13.705 -14.362 -14.629 -14.799 -14.735 -14.779 
6.26263 -9.745 -11.532 -12.824 -13.500 -14.207 -14.538 -14.650 -14.586 -14.744 
6.46465 -9.300 -11.351 -12.529 -13.464 -14.176 -14.462 -14.551 -14.587 -14.586 
6.66667 -9.541 -11.309 -12.496 -13.445 -14.030 -14.400 -14.502 -14.551 -14.549 
6.86869 -9.370 -11.083 -12.364 -13.365 -14.006 -14.441 -14.435 -14.510 -14.503 
7.07071 -9.621 -11.069 -12.213 -13.264 -13.865 -14.203 -14.427 -14.373 -14.574 
7.27273 -9.096 -11.387 -12.312 -13.260 -13.947 -14.176 -14.246 -14.318 -14.272 
7.47475 -9.480 -10.788 -12.061 -13.162 -13.852 -14.220 -14.222 -14.330 -14.336 
7.67677 -8.798 -10.762 -12.106 -13.180 -13.851 -14.199 -14.159 -14.237 -14.317 
7.87879 -8.559 -10.621 -11.973 -12.981 -13.717 -14.030 -14.208 -14.183 -14.183 
8.08081 -8.261 -10.507 -12.030 -12.858 -13.587 -14.025 -14.158 -14.019 -14.174 
8.28283 -7.832 -10.232 -11.752 -12.766 -13.515 -13.963 -14.012 -14.122 -14.091 
8.48485 -8.184 -10.278 -11.841 -12.781 -13.421 -13.846 -13.937 -13.972 -14.174 
8.68687 -7.745 -9.978 -11.593 -12.695 -13.498 -13.803 -13.894 -13.952 -14.128 
8.88889 -7.609 -10.301 -11.473 -12.658 -13.408 -13.749 -13.953 -14.013 -13.671 
9.09091 -8.158 -9.946 -11.601 -12.683 -13.206 -13.667 -13.894 -13.901 -13.855 
9.29293 -7.397 -9.752 -11.332 -12.556 -13.217 -13.522 -13.812 -13.770 -13.722 
9.49495 -7.173 -9.553 -11.254 -12.347 -13.123 -13.581 -13.780 -13.753 -13.749 
9.69697 -6.961 -9.527 -11.128 -12.334 -13.077 -13.464 -13.629 -13.638 -13.677 
9.89899 -6.553 -9.162 -10.989 -12.316 -12.979 -13.353 -13.647 -13.618 -13.620 
10.10101 -6.556 -9.040 -10.970 -12.189 -12.992 -13.302 -13.617 -13.650 -13.620 
10.30303 -6.381 -9.098 -10.788 -12.109 -12.967 -13.326 -13.539 -13.623 -13.544 
10.50505 -6.444 -8.800 -10.787 -11.958 -12.782 -13.235 -13.492 -13.494 -13.511 
10.70707 -5.895 -8.637 -10.720 -11.941 -12.640 -13.133 -13.430 -13.540 -13.424 
10.90909 -6.249 -8.860 -10.674 -11.892 -12.796 -13.110 -13.376 -13.437 -13.543 
11.11111 -5.988 -8.676 -10.644 -11.785 -12.628 -13.157 -13.311 -13.490 -13.353 
11.31313 -5.488 -8.471 -10.363 -11.646 -12.523 -13.015 -13.291 -13.325 -13.413 
11.51515 -5.354 -8.277 -10.185 -11.527 -12.459 -12.881 -13.193 -13.393 -13.321 
11.71717 -5.365 -8.184 -10.169 -11.537 -12.421 -12.793 -13.166 -13.249 -13.294 
11.91919 -5.270 -8.047 -9.992 -11.479 -12.280 -12.740 -13.135 -13.234 -13.253 
12.12121 -4.948 -8.128 -9.948 -11.439 -12.239 -12.709 -13.055 -13.186 -13.188 
12.32323 -4.574 -7.823 -9.834 -11.278 -12.155 -12.637 -13.002 -13.154 -13.158 
12.52525 -4.528 -7.490 -9.801 -11.149 -12.063 -12.636 -12.877 -13.117 -13.167 
12.72727 -4.228 -7.482 -9.785 -11.176 -12.004 -12.617 -12.908 -13.096 -13.090 
12.92929 -4.553 -7.237 -9.499 -10.977 -12.065 -12.461 -12.868 -13.040 -12.993 
13.13131 -4.343 -7.147 -9.519 -10.989 -11.857 -12.484 -12.853 -13.005 -12.986 
13.33333 -3.893 -7.007 -9.233 -10.928 -11.838 -12.365 -12.786 -13.037 -12.998 
13.53535 -3.841 -7.132 -9.318 -10.806 -11.822 -12.313 -12.754 -12.949 -13.000 
13.73737 -3.713 -6.933 -8.995 -10.779 -11.714 -12.265 -12.688 -12.951 -12.933 
13.93939 -3.859 -6.753 -9.147 -10.719 -11.665 -12.219 -12.659 -12.909 -12.997 
14.14141 -3.439 -6.645 -8.917 -10.563 -11.618 -12.082 -12.608 -12.897 -12.915 
14.34343 -3.356 -6.618 -8.955 -10.552 -11.523 -12.154 -12.549 -12.871 -12.857 
14.54545 -3.307 -6.660 -8.777 -10.430 -11.482 -12.017 -12.552 -12.798 -12.805 
14.74747 -3.185 -6.334 -8.690 -10.451 -11.389 -11.954 -12.528 -12.789 -12.834 
14.94949 -3.057 -6.173 -8.576 -10.312 -11.468 -11.979 -12.458 -12.786 -12.760 
15.15152 -3.138 -6.168 -8.627 -10.353 -11.286 -11.868 -12.450 -12.733 -12.818 
15.35354 -2.813 -5.848 -8.801 -10.258 -11.400 -11.936 -12.390 -12.741 -12.783 
15.55556 -2.685 -5.510 -8.240 -10.151 -11.182 -11.831 -12.397 -12.704 -12.803 
15.75758 -2.566 -6.014 -8.324 -10.080 -11.189 -11.770 -12.377 -12.656 -12.756 
15.95960 -2.444 -5.696 -8.294 -9.858 -11.031 -11.660 -12.288 -12.684 -12.705 
16.16162 -2.424 -6.060 -7.978 -9.852 -11.066 -11.664 -12.283 -12.619 -12.724 
16.36364 -2.178 -5.139 -7.882 -9.873 -11.024 -11.598 -12.248 -12.604 -12.738 
16.56566 -2.036 -5.372 -8.040 -9.820 -10.982 -11.672 -12.197 -12.562 -12.676 
16.76768 -1.915 -5.823 -7.775 -9.758 -10.878 -11.546 -12.276 -12.604 -12.668 
16.96970 -1.802 -4.758 -7.692 -9.746 -10.928 -11.575 -12.194 -12.561 -12.645 
17.17172 -1.600 -5.189 -7.647 -9.640 -10.892 -11.517 -12.161 -12.546 -12.643 
17.37374 -1.607 -4.969 -7.952 -9.635 -10.791 -11.424 -12.122 -12.513 -12.633 
17.57576 -1.466 -4.980 -7.673 -9.746 -10.718 -11.446 -12.119 -12.475 -12.673 
17.77778 -1.220 -4.505 -7.670 -9.409 -10.744 -11.437 -12.090 -12.498 -12.636 
17.97980 -1.299 -4.692 -7.281 -9.374 -10.702 -11.328 -12.081 -12.466 -12.615 
18.18182 -1.152 -4.299 -7.259 -9.245 -10.601 -11.333 -11.997 -12.446 -12.615 
18.38384 -0.963 -4.647 -7.234 -9.348 -10.515 -11.388 -12.001 -12.434 -12.570 
18.58586 -0.874 -4.428 -7.080 -9.213 -10.650 -11.255 -11.948 -12.447 -12.579 
18.78788 -0.791 -4.143 -7.099 -9.148 -10.478 -11.290 -11.936 -12.417 -12.618 
18.98990 -0.797 -4.074 -7.014 -9.178 -10.474 -11.196 -11.907 -12.387 -12.584 
19.19192 -0.649 -3.795 -6.957 -9.040 -10.332 -11.099 -11.828 -12.351 -12.550 
19.39394 -0.569 -3.884 -6.630 -8.915 -10.300 -10.964 -11.838 -12.290 -12.485 
19.59596 -0.515 -3.705 -6.512 -8.782 -10.261 -11.037 -11.780 -12.233 -12.439 
19.79798 -0.497 -3.275 -6.551 -8.663 -10.074 -10.925 -11.691 -12.172 -12.387 
20.00000 -0.364 -3.200 -6.107 -8.723 -9.972 -10.873 -11.576 -12.117 -12.383 
