# t[days] u g r i z y J H K
0.20202 -11.178 -12.518 -13.134 -12.119 -12.255 -10.085 -11.696 -10.435 -4.729 
0.40404 -14.465 -15.082 -15.387 -15.041 -14.274 -13.913 -14.139 -13.825 -12.533 
0.60606 -14.717 -15.668 -16.053 -15.800 -15.817 -15.407 -15.127 -14.556 -13.974 
0.80808 -14.603 -15.758 -16.307 -16.245 -16.021 -15.775 -15.450 -14.870 -14.262 
1.01010 -14.373 -15.747 -16.343 -16.307 -16.101 -16.064 -15.657 -15.222 -14.727 
1.21212 -14.053 -15.545 -16.228 -16.289 -16.328 -16.162 -15.807 -15.463 -15.072 
1.41414 -13.669 -15.388 -16.153 -16.255 -16.135 -16.127 -15.838 -15.520 -15.148 
1.61616 -13.308 -15.161 -15.920 -16.126 -16.120 -16.103 -15.910 -15.519 -15.150 
1.81818 -12.863 -14.843 -15.745 -15.970 -16.017 -16.024 -15.787 -15.543 -15.318 
2.02020 -12.447 -14.581 -15.416 -15.737 -15.886 -15.905 -15.761 -15.557 -15.289 
2.22222 -11.970 -14.252 -15.214 -15.542 -15.693 -15.771 -15.679 -15.496 -15.157 
2.42424 -11.481 -13.893 -14.915 -15.392 -15.649 -15.645 -15.636 -15.410 -15.081 
2.62626 -11.236 -13.620 -14.653 -15.202 -15.414 -15.529 -15.453 -15.413 -15.011 
2.82828 -10.823 -13.344 -14.409 -14.980 -15.255 -15.339 -15.361 -15.265 -15.065 
3.03030 -10.397 -13.066 -14.229 -14.790 -15.113 -15.238 -15.304 -15.204 -15.016 
3.23232 -10.038 -12.777 -13.997 -14.589 -14.902 -15.085 -15.125 -15.052 -14.894 
3.43434 -9.832 -12.509 -13.787 -14.391 -14.729 -14.874 -14.993 -14.990 -14.852 
3.63636 -9.417 -12.344 -13.584 -14.270 -14.602 -14.743 -14.800 -14.961 -14.823 
3.83838 -9.119 -12.072 -13.343 -14.023 -14.399 -14.528 -14.759 -14.727 -14.655 
4.04040 -8.780 -11.790 -13.108 -13.856 -14.225 -14.445 -14.569 -14.715 -14.522 
4.24242 -8.458 -11.464 -12.882 -13.624 -14.033 -14.318 -14.415 -14.529 -14.547 
4.44444 -8.228 -11.193 -12.644 -13.477 -13.868 -14.091 -14.306 -14.450 -14.461 
4.64646 -7.707 -10.939 -12.458 -13.235 -13.712 -13.913 -14.202 -14.313 -14.317 
4.84848 -7.235 -10.782 -12.238 -13.106 -13.555 -13.832 -14.071 -14.252 -14.283 
5.05051 -7.090 -10.458 -12.038 -12.922 -13.388 -13.632 -13.896 -14.146 -14.207 
5.25253 -6.856 -10.251 -11.891 -12.726 -13.299 -13.519 -13.782 -14.039 -14.163 
5.45455 -6.547 -10.029 -11.670 -12.605 -13.083 -13.300 -13.695 -13.942 -14.078 
5.65657 -6.191 -9.821 -11.474 -12.528 -12.960 -13.200 -13.579 -13.868 -14.031 
5.85859 -5.845 -9.670 -11.327 -12.293 -12.744 -13.043 -13.432 -13.837 -13.949 
6.06061 -5.585 -9.232 -11.088 -12.137 -12.669 -12.969 -13.366 -13.660 -13.870 
6.26263 -5.583 -9.307 -10.962 -11.958 -12.552 -12.756 -13.264 -13.605 -13.758 
6.46465 -5.265 -8.988 -10.818 -11.831 -12.382 -12.621 -13.100 -13.458 -13.687 
6.66667 -4.823 -8.768 -10.686 -11.712 -12.360 -12.563 -13.009 -13.435 -13.637 
6.86869 -4.566 -8.322 -10.555 -11.575 -12.152 -12.478 -12.948 -13.316 -13.549 
7.07071 -3.952 -8.355 -10.281 -11.435 -12.088 -12.388 -12.778 -13.187 -13.544 
7.27273 -4.210 -7.976 -10.098 -11.344 -11.949 -12.227 -12.728 -13.175 -13.419 
7.47475 -4.017 -7.790 -10.018 -11.189 -11.893 -12.142 -12.556 -13.118 -13.411 
7.67677 -3.283 -7.430 -9.782 -11.102 -11.717 -12.028 -12.534 -13.006 -13.340 
7.87879 -3.043 -7.537 -9.599 -10.964 -11.523 -11.951 -12.434 -12.946 -13.267 
8.08081 -2.674 -7.066 -9.516 -10.932 -11.490 -11.859 -12.412 -12.857 -13.215 
8.28283 -3.592 -6.961 -9.230 -10.749 -11.452 -11.673 -12.225 -12.820 -13.124 
8.48485 -2.778 -6.704 -9.233 -10.615 -11.263 -11.550 -12.202 -12.696 -13.083 
8.68687 -1.614 -6.437 -9.110 -10.467 -11.130 -11.493 -12.119 -12.665 -13.002 
8.88889 -1.101 -6.389 -8.901 -10.300 -11.097 -11.391 -11.946 -12.519 -12.931 
9.09091 0.027 -5.894 -8.756 -10.194 -10.878 -11.274 -11.838 -12.510 -12.886 
9.29293 0.318 -6.018 -8.482 -10.055 -10.795 -11.139 -11.795 -12.412 -12.779 
9.49495 0.432 -5.579 -8.368 -9.917 -10.622 -10.961 -11.737 -12.327 -12.739 
9.69697 0.705 -5.161 -8.250 -9.905 -10.638 -10.954 -11.542 -12.230 -12.706 
9.89899 0.790 -5.347 -8.152 -9.693 -10.447 -10.910 -11.523 -12.198 -12.660 
10.10101 -1.788 -5.350 -7.902 -9.555 -10.329 -10.743 -11.418 -12.070 -12.614 
10.30303 1.426 -5.234 -7.801 -9.478 -10.288 -10.666 -11.327 -12.038 -12.575 
10.50505 1.375 -4.658 -7.839 -9.431 -10.203 -10.553 -11.213 -11.951 -12.418 
10.70707 1.716 -4.664 -7.558 -9.186 -10.047 -10.326 -11.211 -11.913 -12.389 
10.90909 2.152 -4.453 -7.341 -9.169 -10.029 -10.320 -11.045 -11.858 -12.361 
11.11111 1.876 -4.177 -7.399 -8.996 -9.794 -10.292 -11.013 -11.767 -12.286 
11.31313 2.376 -4.140 -7.245 -8.973 -9.728 -10.148 -10.882 -11.704 -12.247 
11.51515 3.071 -4.322 -7.092 -8.745 -9.648 -10.005 -10.816 -11.653 -12.212 
11.71717 1.447 -3.822 -7.049 -8.756 -9.625 -9.954 -10.747 -11.581 -12.155 
11.91919 3.325 -3.711 -6.984 -8.674 -9.380 -9.956 -10.661 -11.472 -12.059 
12.12121 3.338 -3.480 -6.722 -8.488 -9.433 -9.799 -10.600 -11.438 -12.128 
12.32323 3.309 -3.198 -6.653 -8.403 -9.342 -9.702 -10.580 -11.348 -12.006 
12.52525 2.856 -3.337 -6.552 -8.360 -9.261 -9.673 -10.429 -11.382 -11.909 
12.72727 3.748 -3.127 -6.452 -8.288 -9.169 -9.468 -10.313 -11.198 -11.813 
12.92929 3.738 -3.105 -6.240 -8.126 -9.038 -9.484 -10.246 -11.184 -11.829 
13.13131 4.826 -2.562 -6.122 -8.130 -8.812 -9.331 -10.226 -11.130 -11.733 
13.33333 4.414 -2.513 -6.203 -7.980 -8.865 -9.248 -10.184 -11.043 -11.696 
13.53535 4.884 -2.517 -6.032 -7.903 -8.726 -9.140 -10.150 -10.937 -11.656 
13.73737 4.310 -2.127 -5.861 -7.801 -8.677 -9.155 -10.070 -10.998 -11.623 
13.93939 3.817 -2.322 -5.754 -7.686 -8.537 -8.945 -9.876 -10.908 -11.574 
14.14141 5.351 -2.126 -5.892 -7.514 -8.437 -8.949 -9.835 -10.791 -11.566 
14.34343 5.458 -2.016 -5.306 -7.319 -8.440 -8.811 -9.685 -10.779 -11.469 
14.54545 5.934 -2.060 -5.614 -7.339 -8.403 -8.748 -9.742 -10.744 -11.408 
14.74747 5.684 -1.871 -5.393 -7.317 -8.317 -8.759 -9.591 -10.594 -11.406 
14.94949 5.233 -1.483 -5.340 -7.128 -8.070 -8.646 -9.519 -10.589 -11.338 
15.15152 5.449 -2.285 -5.123 -7.118 -8.080 -8.570 -9.509 -10.506 -11.227 
15.35354 5.325 -2.170 -5.215 -6.988 -7.965 -8.427 -9.461 -10.422 -11.175 
15.55556 5.785 -1.791 -5.158 -6.968 -7.871 -8.225 -9.350 -10.378 -11.178 
15.75758 7.062 -1.186 -4.997 -6.891 -7.976 -8.198 -9.341 -10.231 -11.094 
15.95960 7.301 -0.699 -4.946 -6.740 -7.850 -8.305 -9.293 -10.273 -10.997 
16.16162 7.088 -1.031 -4.840 -6.710 -7.640 -8.295 -9.183 -10.264 -11.049 
16.36364 7.222 -0.976 -4.571 -6.691 -7.623 -8.098 -9.144 -10.174 -11.042 
16.56566 7.991 -1.113 -4.575 -6.481 -7.542 -8.080 -9.005 -10.043 -10.948 
16.76768 7.505 -0.521 -4.186 -6.418 -7.342 -8.080 -9.030 -10.089 -10.888 
16.96970 7.878 -1.412 -4.585 -6.383 -7.495 -7.979 -8.966 -10.000 -10.913 
17.17172 6.667 -1.159 -4.125 -6.392 -7.327 -7.874 -8.926 -10.020 -10.762 
17.37374 6.139 0.113 -4.486 -6.312 -7.159 -7.866 -8.921 -9.857 -10.725 
17.57576 7.314 -0.144 -4.031 -6.013 -7.104 -7.752 -8.730 -9.858 -10.732 
17.77778 13.277 -1.097 -3.911 -5.951 -7.151 -7.407 -8.691 -9.792 -10.681 
17.97980 7.797 -1.414 -4.090 -5.992 -6.863 -7.567 -8.593 -9.821 -10.574 
18.18182 10.280 -0.052 -4.175 -6.111 -7.137 -7.509 -8.654 -9.699 -10.588 
18.38384 8.391 -0.057 -3.780 -5.752 -6.798 -7.328 -8.510 -9.645 -10.498 
18.58586 7.330 0.213 -3.318 -5.829 -6.985 -7.310 -8.393 -9.655 -10.450 
18.78788 5.147 1.430 -3.444 -5.587 -6.750 -7.243 -8.460 -9.503 -10.452 
18.98990 7.498 -0.204 -3.514 -5.371 -6.669 -7.185 -8.312 -9.450 -10.350 
19.19192 13.979 -0.443 -3.447 -5.341 -6.733 -7.332 -8.296 -9.454 -10.238 
19.39394 nan 0.959 -2.907 -5.260 -6.544 -6.958 -8.225 -9.401 -10.186 
19.59596 12.575 1.628 -3.125 -5.330 -6.506 -6.799 -8.167 -9.298 -10.090 
19.79798 8.909 0.393 -3.343 -5.001 -6.083 -6.617 -8.045 -9.176 -10.056 
20.00000 9.306 0.337 -2.660 -4.838 -6.304 -6.905 -7.909 -9.084 -9.996 
