# t[days] u g r i z y J H K
0.20202 -11.062 -12.588 -12.449 -13.361 -10.344 -9.483 -8.171 -9.217 -5.221 
0.40404 -14.074 -14.690 -15.172 -15.096 -15.118 -14.405 -14.724 -11.811 -13.493 
0.60606 -14.966 -15.598 -15.962 -15.720 -15.300 -15.214 -14.510 -14.507 -14.448 
0.80808 -14.615 -15.836 -16.129 -16.150 -15.932 -15.703 -15.201 -15.158 -14.645 
1.01010 -14.833 -16.021 -16.440 -16.256 -16.106 -15.866 -15.770 -15.111 -15.020 
1.21212 -14.596 -16.082 -16.505 -16.437 -16.147 -16.225 -15.860 -16.043 -15.486 
1.41414 -14.352 -15.945 -16.410 -16.491 -16.420 -16.163 -16.252 -16.068 -15.617 
1.61616 -13.924 -15.723 -16.327 -16.516 -16.568 -16.395 -16.219 -16.245 -15.909 
1.81818 -13.634 -15.627 -16.250 -16.518 -16.427 -16.349 -16.108 -16.321 -15.914 
2.02020 -13.262 -15.302 -15.989 -16.273 -16.271 -16.254 -16.133 -16.135 -15.973 
2.22222 -12.731 -15.017 -15.780 -15.994 -16.118 -16.068 -16.172 -16.244 -15.810 
2.42424 -12.450 -14.635 -15.477 -15.767 -16.014 -16.149 -16.146 -16.065 -15.777 
2.62626 -12.166 -14.432 -15.189 -15.538 -15.749 -15.959 -16.081 -15.860 -15.800 
2.82828 -11.911 -14.217 -14.977 -15.379 -15.763 -15.817 -15.790 -15.962 -15.757 
3.03030 -11.917 -14.037 -14.642 -15.097 -15.378 -15.553 -15.728 -15.700 -15.573 
3.23232 -11.558 -13.591 -14.498 -14.995 -15.374 -15.481 -15.466 -15.607 -15.508 
3.43434 -11.183 -13.359 -14.173 -14.857 -15.175 -15.363 -15.367 -15.556 -15.463 
3.63636 -11.138 -13.230 -14.212 -14.757 -15.110 -15.231 -15.409 -15.355 -15.179 
3.83838 -10.835 -12.927 -13.853 -14.471 -14.867 -15.197 -15.207 -15.346 -15.271 
4.04040 -10.879 -12.701 -13.657 -14.289 -14.833 -15.043 -15.165 -15.159 -15.190 
4.24242 -10.847 -12.717 -13.614 -14.256 -14.693 -14.948 -15.045 -15.189 -15.008 
4.44444 -10.524 -12.707 -13.634 -14.197 -14.689 -14.930 -14.985 -15.178 -15.297 
4.64646 -10.170 -12.182 -13.373 -14.009 -14.597 -14.745 -14.953 -15.033 -15.033 
4.84848 -10.182 -12.184 -13.205 -13.980 -14.391 -14.678 -14.731 -14.953 -14.828 
5.05051 -9.858 -12.033 -13.063 -13.895 -14.413 -14.622 -14.862 -14.856 -14.968 
5.25253 -9.790 -11.784 -12.921 -13.875 -14.187 -14.576 -14.668 -14.801 -14.892 
5.45455 -9.675 -11.579 -12.717 -13.497 -14.304 -14.463 -14.628 -14.594 -14.840 
5.65657 -9.528 -11.521 -12.539 -13.492 -13.985 -14.384 -14.509 -14.666 -14.761 
5.85859 -9.118 -11.266 -12.578 -13.376 -14.060 -14.347 -14.468 -14.560 -14.771 
6.06061 -9.044 -11.169 -12.399 -13.283 -13.921 -14.179 -14.415 -14.529 -14.707 
6.26263 -9.043 -11.168 -12.277 -13.172 -13.903 -14.233 -14.379 -14.506 -14.401 
6.46465 -8.879 -10.937 -12.122 -13.154 -13.752 -14.022 -14.358 -14.367 -14.593 
6.66667 -8.954 -10.745 -12.088 -13.042 -13.643 -14.018 -14.149 -14.337 -14.408 
6.86869 -8.380 -10.403 -11.761 -12.806 -13.481 -13.971 -14.123 -14.323 -14.374 
7.07071 -8.230 -10.416 -11.757 -12.784 -13.504 -13.918 -14.023 -14.146 -14.430 
7.27273 -8.214 -10.296 -11.744 -12.675 -13.434 -13.858 -13.984 -14.176 -14.250 
7.47475 -7.905 -10.513 -11.596 -12.647 -13.303 -13.755 -13.884 -14.029 -14.193 
7.67677 -7.936 -10.246 -11.693 -12.527 -13.292 -13.623 -13.915 -14.084 -14.088 
7.87879 -7.822 -9.910 -11.650 -12.539 -13.249 -13.544 -13.822 -14.013 -14.084 
8.08081 -8.173 -10.286 -11.598 -12.498 -13.236 -13.547 -13.685 -13.995 -14.008 
8.28283 -7.721 -9.639 -11.138 -12.304 -13.092 -13.482 -13.687 -13.886 -14.016 
8.48485 -6.993 -9.512 -11.197 -12.315 -13.051 -13.391 -13.589 -13.772 -13.865 
8.68687 -7.005 -9.364 -10.988 -12.187 -13.048 -13.292 -13.531 -13.769 -13.924 
8.88889 -6.631 -9.343 -10.991 -12.090 -12.868 -13.247 -13.527 -13.705 -13.856 
9.09091 -6.778 -9.139 -10.982 -11.982 -12.909 -13.271 -13.431 -13.605 -13.782 
9.29293 -6.471 -9.142 -10.913 -11.997 -12.926 -13.164 -13.433 -13.538 -13.648 
9.49495 -6.290 -8.842 -10.596 -11.871 -12.709 -13.043 -13.345 -13.536 -13.627 
9.69697 -5.920 -8.934 -10.576 -11.803 -12.578 -13.055 -13.335 -13.469 -13.539 
9.89899 -5.893 -8.790 -10.473 -11.732 -12.582 -12.991 -13.355 -13.439 -13.616 
10.10101 -5.778 -8.313 -10.309 -11.753 -12.531 -12.985 -13.204 -13.364 -13.506 
10.30303 -5.999 -8.414 -10.275 -11.592 -12.399 -12.776 -13.132 -13.370 -13.508 
10.50505 -5.459 -8.228 -10.245 -11.538 -12.325 -12.807 -13.060 -13.268 -13.458 
10.70707 -5.175 -8.208 -9.992 -11.324 -12.200 -12.689 -13.011 -13.190 -13.356 
10.90909 -5.231 -7.975 -9.960 -11.324 -12.253 -12.664 -12.946 -13.169 -13.333 
11.11111 -4.875 -7.700 -9.937 -11.360 -12.116 -12.588 -12.914 -13.219 -13.214 
11.31313 -5.036 -7.696 -9.822 -11.212 -12.080 -12.437 -12.862 -13.059 -13.138 
11.51515 -4.578 -7.588 -9.883 -11.174 -12.067 -12.457 -12.884 -13.007 -13.130 
11.71717 -4.699 -7.292 -9.625 -11.011 -11.926 -12.340 -12.728 -13.049 -13.102 
11.91919 -4.487 -7.373 -9.450 -11.006 -11.890 -12.336 -12.747 -12.947 -13.024 
12.12121 -4.253 -7.073 -9.459 -10.814 -11.815 -12.267 -12.650 -12.840 -12.973 
12.32323 -3.967 -7.476 -9.348 -10.790 -11.750 -12.289 -12.623 -12.851 -13.024 
12.52525 -3.892 -6.843 -9.150 -10.764 -11.597 -12.194 -12.606 -12.877 -13.017 
12.72727 -3.800 -6.759 -8.989 -10.619 -11.556 -12.131 -12.581 -12.809 -12.909 
12.92929 -4.060 -6.747 -9.008 -10.514 -11.571 -12.123 -12.493 -12.747 -12.817 
13.13131 -3.598 -6.608 -9.174 -10.539 -11.463 -12.041 -12.461 -12.696 -12.923 
13.33333 -3.523 -6.251 -8.882 -10.413 -11.439 -11.906 -12.432 -12.725 -12.827 
13.53535 -3.204 -6.398 -8.659 -10.413 -11.328 -11.947 -12.395 -12.642 -12.790 
13.73737 -3.104 -6.114 -8.505 -10.390 -11.288 -11.853 -12.341 -12.669 -12.879 
13.93939 -3.685 -6.108 -8.500 -10.308 -11.213 -11.861 -12.359 -12.616 -12.791 
14.14141 -3.186 -6.101 -8.429 -10.155 -11.261 -11.822 -12.300 -12.608 -12.783 
14.34343 -2.964 -5.737 -8.504 -10.070 -11.227 -11.731 -12.318 -12.571 -12.767 
14.54545 -2.525 -5.853 -8.312 -9.982 -11.119 -11.631 -12.244 -12.619 -12.678 
14.74747 -2.379 -5.760 -8.149 -9.978 -11.104 -11.667 -12.188 -12.548 -12.644 
14.94949 -2.534 -5.596 -7.987 -9.895 -11.009 -11.820 -12.197 -12.555 -12.689 
15.15152 -2.109 -5.454 -7.963 -9.871 -11.001 -11.517 -12.129 -12.454 -12.646 
15.35354 -1.983 -4.894 -7.953 -9.776 -10.931 -11.502 -12.079 -12.486 -12.581 
15.55556 -1.843 -5.137 -7.775 -9.665 -10.860 -11.513 -12.086 -12.434 -12.626 
15.75758 -1.728 -4.928 -7.746 -9.720 -10.839 -11.409 -12.011 -12.431 -12.513 
15.95960 -1.607 -5.195 -7.680 -9.682 -10.765 -11.446 -12.019 -12.445 -12.550 
16.16162 -1.500 -4.983 -7.618 -9.518 -10.723 -11.389 -11.954 -12.400 -12.533 
16.36364 -1.390 -4.575 -7.498 -9.569 -10.720 -11.347 -11.940 -12.363 -12.532 
16.56566 -1.950 -4.718 -7.444 -9.497 -10.619 -11.294 -11.933 -12.382 -12.549 
16.76768 -1.200 -4.572 -7.349 -9.396 -10.619 -11.250 -11.946 -12.313 -12.500 
16.96970 -1.167 -4.340 -7.387 -9.576 -10.537 -11.265 -11.884 -12.302 -12.477 
17.17172 -1.072 -4.030 -7.098 -9.275 -10.444 -11.166 -11.854 -12.295 -12.516 
17.37374 -0.980 -4.284 -7.206 -9.236 -10.442 -11.298 -11.812 -12.359 -12.506 
17.57576 -0.953 -4.179 -7.188 -9.172 -10.476 -11.140 -11.877 -12.320 -12.486 
17.77778 -0.852 -3.962 -7.027 -9.032 -10.427 -11.040 -11.825 -12.216 -12.490 
17.97980 -0.771 -3.996 -6.954 -9.236 -10.349 -11.078 -11.811 -12.310 -12.445 
18.18182 -0.743 -4.514 -6.881 -8.893 -10.319 -11.095 -11.771 -12.210 -12.460 
18.38384 -0.571 -3.602 -6.685 -8.838 -10.187 -11.080 -11.740 -12.197 -12.464 
18.58586 -0.510 -3.390 -6.773 -8.873 -10.193 -11.020 -11.725 -12.154 -12.447 
18.78788 -0.428 -3.671 -6.575 -8.838 -10.311 -11.003 -11.693 -12.179 -12.481 
18.98990 -0.363 -3.627 -6.777 -8.786 -10.174 -10.863 -11.696 -12.212 -12.421 
19.19192 -0.268 -3.233 -6.417 -8.658 -10.098 -10.788 -11.571 -12.126 -12.342 
19.39394 -0.262 -3.032 -6.165 -8.536 -9.973 -10.812 -11.570 -12.116 -12.339 
19.59596 -0.111 -3.081 -6.222 -8.572 -10.007 -10.718 -11.523 -12.037 -12.323 
19.79798 -0.040 -2.837 -5.797 -8.350 -9.767 -10.635 -11.447 -11.919 -12.180 
20.00000 0.126 -2.630 -5.943 -8.310 -9.781 -10.546 -11.298 -11.808 -12.156 
