# t[days] u g r i z y J H K
0.20202 -11.993 -11.863 -12.747 -13.515 -10.809 -10.655 -7.915 -7.953 -8.932 
0.40404 -13.840 -14.262 -14.384 -13.760 -13.388 -13.910 -13.758 -12.455 -10.767 
0.60606 -13.870 -14.747 -15.152 -15.348 -14.866 -14.693 -14.373 -12.898 -12.933 
0.80808 -13.912 -14.951 -15.409 -15.405 -15.526 -15.011 -14.802 -14.002 -13.568 
1.01010 -13.463 -15.043 -15.500 -15.663 -15.561 -15.433 -15.361 -14.874 -14.609 
1.21212 -12.887 -14.673 -15.451 -15.628 -15.474 -15.405 -15.567 -15.268 -15.064 
1.41414 -12.878 -14.813 -15.626 -15.643 -15.762 -15.470 -15.466 -15.343 -15.556 
1.61616 -12.803 -14.639 -15.312 -15.494 -15.497 -15.555 -15.594 -15.572 -15.313 
1.81818 -12.062 -14.314 -15.128 -15.374 -15.408 -15.578 -15.553 -15.483 -15.058 
2.02020 -12.002 -13.956 -14.986 -15.275 -15.572 -15.419 -15.485 -15.512 -15.456 
2.22222 -11.547 -13.638 -14.653 -15.020 -15.472 -15.490 -15.321 -15.447 -15.358 
2.42424 -11.408 -13.286 -14.296 -14.860 -15.246 -15.406 -15.197 -15.303 -15.424 
2.62626 -11.240 -13.092 -14.053 -14.455 -14.922 -15.254 -15.341 -15.374 -15.378 
2.82828 -10.987 -12.627 -13.820 -14.393 -14.911 -15.116 -15.219 -15.216 -15.175 
3.03030 -10.836 -12.449 -13.560 -14.171 -14.958 -15.113 -15.094 -15.147 -15.313 
3.23232 -10.614 -12.198 -13.318 -14.279 -14.829 -15.001 -15.022 -15.039 -14.985 
3.43434 -10.524 -11.868 -13.222 -14.001 -14.701 -15.018 -14.889 -15.133 -14.989 
3.63636 -10.385 -11.888 -12.955 -13.934 -14.433 -14.749 -14.872 -14.926 -15.031 
3.83838 -10.041 -11.298 -12.616 -13.581 -14.358 -14.642 -14.811 -14.815 -14.743 
4.04040 -9.924 -11.251 -12.604 -13.560 -14.373 -14.561 -14.717 -14.862 -14.644 
4.24242 -9.729 -11.232 -12.582 -13.573 -14.283 -14.572 -14.526 -14.713 -14.733 
4.44444 -9.519 -11.038 -12.270 -13.365 -14.152 -14.442 -14.476 -14.491 -14.620 
4.64646 -9.496 -10.952 -12.211 -13.287 -14.024 -14.304 -14.447 -14.610 -14.378 
4.84848 -9.273 -10.598 -12.135 -13.161 -13.982 -14.211 -14.434 -14.360 -14.474 
5.05051 -9.035 -10.443 -12.025 -13.073 -13.915 -14.237 -14.328 -14.459 -14.354 
5.25253 -8.799 -10.341 -11.772 -13.032 -13.832 -14.104 -14.222 -14.309 -14.415 
5.45455 -8.961 -10.578 -11.837 -12.946 -13.613 -14.043 -14.186 -14.178 -14.266 
5.65657 -8.523 -10.140 -11.687 -12.800 -13.639 -13.869 -14.132 -14.142 -14.388 
5.85859 -8.432 -10.007 -11.557 -12.713 -13.505 -13.877 -14.036 -14.085 -14.149 
6.06061 -8.358 -10.001 -11.600 -12.733 -13.479 -13.760 -13.996 -14.020 -13.886 
6.26263 -8.196 -9.962 -11.481 -12.692 -13.434 -13.691 -13.843 -13.796 -13.914 
6.46465 -7.960 -9.871 -11.406 -12.580 -13.343 -13.620 -13.740 -13.820 -13.944 
6.66667 -8.028 -9.869 -11.534 -12.513 -13.280 -13.659 -13.732 -13.911 -13.981 
6.86869 -7.598 -9.606 -11.326 -12.498 -13.288 -13.541 -13.707 -13.857 -13.878 
7.07071 -7.483 -9.446 -11.188 -12.314 -13.213 -13.423 -13.581 -13.687 -13.750 
7.27273 -7.245 -9.317 -11.081 -12.263 -13.076 -13.396 -13.550 -13.685 -13.602 
7.47475 -7.331 -9.113 -10.991 -12.194 -13.004 -13.376 -13.348 -13.512 -13.538 
7.67677 -7.016 -9.302 -10.925 -12.182 -12.835 -13.280 -13.421 -13.562 -13.577 
7.87879 -6.757 -9.163 -10.818 -12.047 -12.909 -13.197 -13.400 -13.401 -13.535 
8.08081 -6.553 -8.789 -10.556 -11.921 -12.759 -13.182 -13.342 -13.433 -13.300 
8.28283 -6.443 -8.913 -10.611 -11.831 -12.741 -13.079 -13.280 -13.277 -13.430 
8.48485 -6.258 -8.819 -10.590 -11.902 -12.615 -12.977 -13.167 -13.252 -13.445 
8.68687 -6.172 -8.544 -10.429 -11.687 -12.604 -12.998 -13.163 -13.179 -13.269 
8.88889 -5.973 -8.416 -10.435 -11.722 -12.474 -12.908 -13.037 -13.248 -13.234 
9.09091 -5.843 -8.441 -10.269 -11.610 -12.446 -12.794 -13.014 -13.094 -13.193 
9.29293 -5.559 -8.243 -10.090 -11.484 -12.323 -12.789 -12.941 -13.008 -13.084 
9.49495 -5.778 -8.110 -10.217 -11.485 -12.236 -12.733 -12.867 -13.029 -12.949 
9.69697 -5.364 -8.066 -9.794 -11.459 -12.125 -12.619 -12.847 -12.879 -13.003 
9.89899 -5.014 -7.987 -9.682 -11.303 -12.141 -12.521 -12.778 -12.933 -12.975 
10.10101 -5.219 -7.642 -9.825 -11.235 -12.104 -12.499 -12.759 -12.822 -12.856 
10.30303 -4.698 -7.599 -9.548 -11.205 -12.019 -12.402 -12.703 -12.925 -12.791 
10.50505 -4.708 -7.363 -9.601 -11.038 -11.968 -12.452 -12.633 -12.760 -12.878 
10.70707 -4.775 -7.244 -9.409 -10.983 -11.827 -12.283 -12.631 -12.793 -12.770 
10.90909 -4.333 -7.045 -9.324 -10.927 -11.850 -12.251 -12.624 -12.734 -12.722 
11.11111 -4.119 -7.088 -9.235 -10.788 -11.678 -12.167 -12.506 -12.699 -12.762 
11.31313 -4.091 -6.927 -9.237 -10.759 -11.699 -12.124 -12.470 -12.720 -12.657 
11.51515 -4.074 -6.836 -9.107 -10.702 -11.619 -12.133 -12.433 -12.643 -12.649 
11.71717 -3.863 -6.553 -8.999 -10.669 -11.684 -12.023 -12.402 -12.613 -12.690 
11.91919 -3.771 -6.583 -8.876 -10.526 -11.537 -11.969 -12.351 -12.550 -12.669 
12.12121 -3.638 -6.487 -8.834 -10.452 -11.432 -11.952 -12.325 -12.538 -12.631 
12.32323 -3.243 -6.372 -8.723 -10.342 -11.428 -11.878 -12.358 -12.526 -12.579 
12.52525 -3.271 -6.130 -8.578 -10.300 -11.330 -11.884 -12.238 -12.468 -12.523 
12.72727 -2.832 -6.116 -8.475 -10.211 -11.323 -11.785 -12.220 -12.477 -12.610 
12.92929 -3.153 -6.014 -8.476 -10.266 -11.251 -11.695 -12.227 -12.483 -12.541 
13.13131 -2.570 -5.812 -8.329 -10.125 -11.194 -11.770 -12.167 -12.432 -12.536 
13.33333 -2.364 -5.906 -8.203 -10.071 -11.157 -11.738 -12.140 -12.413 -12.445 
13.53535 -2.260 -6.113 -8.298 -9.997 -11.116 -11.612 -12.125 -12.414 -12.481 
13.73737 -2.103 -5.395 -8.051 -9.951 -11.004 -11.558 -12.114 -12.391 -12.435 
13.93939 -2.221 -5.374 -8.092 -9.908 -10.988 -11.571 -12.097 -12.385 -12.449 
14.14141 -1.939 -5.367 -7.945 -9.810 -10.951 -11.521 -12.031 -12.401 -12.453 
14.34343 -1.885 -5.082 -7.747 -9.850 -10.883 -11.421 -12.019 -12.362 -12.415 
14.54545 -2.388 -5.070 -7.732 -9.688 -10.831 -11.406 -11.993 -12.337 -12.399 
14.74747 -1.597 -4.694 -7.664 -9.691 -10.794 -11.341 -11.986 -12.272 -12.421 
14.94949 -1.527 -4.850 -7.596 -9.487 -10.791 -11.294 -11.931 -12.272 -12.423 
15.15152 -1.373 -4.761 -7.970 -9.529 -10.700 -11.269 -11.887 -12.270 -12.384 
15.35354 -1.643 -4.422 -7.407 -9.471 -10.575 -11.250 -11.918 -12.276 -12.374 
15.55556 -1.640 -4.377 -7.372 -9.408 -10.596 -11.276 -11.863 -12.206 -12.339 
15.75758 -1.219 -4.509 -7.320 -9.290 -10.535 -11.176 -11.800 -12.231 -12.362 
15.95960 -1.123 -3.994 -7.174 -9.277 -10.503 -11.189 -11.759 -12.217 -12.319 
16.16162 -1.088 -4.274 -7.191 -9.209 -10.507 -11.107 -11.794 -12.199 -12.278 
16.36364 -1.305 -3.947 -7.073 -9.176 -10.479 -11.104 -11.768 -12.136 -12.298 
16.56566 -0.841 -3.870 -6.885 -9.167 -10.454 -11.078 -11.770 -12.128 -12.319 
16.76768 -0.711 -3.913 -7.076 -9.102 -10.306 -10.963 -11.698 -12.138 -12.341 
16.96970 -0.621 -3.811 -6.809 -9.141 -10.322 -11.000 -11.627 -12.101 -12.261 
17.17172 -0.526 -3.814 -6.735 -8.891 -10.282 -10.954 -11.626 -12.082 -12.249 
17.37374 -0.448 -3.368 -6.648 -8.808 -10.175 -10.941 -11.599 -12.099 -12.298 
17.57576 -0.289 -3.148 -6.577 -8.808 -10.129 -10.843 -11.582 -12.070 -12.203 
17.77778 -0.172 -3.852 -6.555 -8.829 -10.048 -10.805 -11.517 -12.000 -12.237 
17.97980 -0.074 -3.511 -6.307 -8.797 -10.087 -10.822 -11.497 -12.057 -12.200 
18.18182 0.044 -2.937 -6.560 -8.580 -9.961 -10.763 -11.527 -12.043 -12.211 
18.38384 0.221 -2.746 -6.420 -8.630 -9.928 -10.722 -11.389 -11.941 -12.259 
18.58586 0.385 -3.024 -6.392 -8.525 -9.864 -10.607 -11.423 -11.974 -12.157 
18.78788 0.516 -3.100 -6.112 -8.498 -9.848 -10.607 -11.475 -11.903 -12.154 
18.98990 0.628 -3.171 -6.010 -8.580 -9.828 -10.565 -11.410 -11.878 -12.131 
19.19192 0.745 -2.982 -6.059 -8.281 -9.816 -10.498 -11.296 -11.791 -12.068 
19.39394 0.828 -2.493 -5.639 -8.236 -9.694 -10.475 -11.222 -11.762 -12.032 
19.59596 0.985 -2.130 -5.521 -8.132 -9.623 -10.367 -11.193 -11.786 -12.028 
19.79798 1.057 -1.878 -5.514 -8.217 -9.531 -10.252 -11.085 -11.687 -11.901 
20.00000 1.302 -1.863 -5.485 -7.891 -9.442 -10.190 -10.967 -11.534 -11.822 
