# t[days] u g r i z y J H K
0.20202 -11.775 -12.199 -12.764 -12.073 -12.024 -11.882 -11.360 -9.967 -1.414 
0.40404 -12.980 -13.762 -13.837 -13.887 -13.620 -13.779 -12.764 -12.606 -12.692 
0.60606 -13.085 -13.956 -14.328 -14.482 -14.214 -14.147 -13.493 -13.350 -12.392 
0.80808 -12.766 -13.947 -14.397 -14.575 -14.467 -14.381 -13.997 -13.661 -13.534 
1.01010 -11.859 -13.459 -14.103 -14.459 -14.625 -14.546 -14.373 -14.056 -13.786 
1.21212 -11.443 -13.015 -13.860 -14.317 -14.667 -14.653 -14.369 -14.301 -13.697 
1.41414 -10.863 -12.650 -13.631 -14.299 -14.693 -14.630 -14.438 -14.237 -14.083 
1.61616 -10.267 -12.217 -13.448 -14.149 -14.535 -14.597 -14.429 -14.221 -13.942 
1.81818 -9.979 -11.815 -13.037 -13.930 -14.367 -14.486 -14.243 -14.044 -13.849 
2.02020 -9.763 -11.700 -12.941 -13.829 -14.309 -14.354 -14.129 -14.163 -13.862 
2.22222 -9.461 -11.318 -12.757 -13.667 -14.090 -14.210 -14.076 -13.783 -13.636 
2.42424 -9.131 -11.023 -12.513 -13.467 -13.882 -14.015 -13.909 -13.713 -13.647 
2.62626 -8.679 -10.769 -12.231 -13.191 -13.695 -13.801 -13.697 -13.676 -13.538 
2.82828 -8.402 -10.571 -12.108 -13.064 -13.590 -13.684 -13.523 -13.413 -13.324 
3.03030 -8.218 -10.444 -12.000 -12.896 -13.351 -13.496 -13.444 -13.248 -13.331 
3.23232 -7.935 -10.163 -11.738 -12.768 -13.231 -13.371 -13.265 -13.209 -13.178 
3.43434 -7.718 -9.967 -11.571 -12.590 -13.037 -13.134 -13.099 -13.021 -12.882 
3.63636 -7.534 -9.893 -11.452 -12.386 -12.860 -12.994 -12.902 -12.811 -12.804 
3.83838 -7.241 -9.716 -11.296 -12.237 -12.729 -12.854 -12.843 -12.788 -12.751 
4.04040 -6.945 -9.514 -11.132 -12.113 -12.625 -12.771 -12.709 -12.570 -12.573 
4.24242 -6.953 -9.502 -11.037 -12.006 -12.483 -12.588 -12.590 -12.516 -12.384 
4.44444 -6.490 -9.258 -10.939 -11.887 -12.396 -12.462 -12.483 -12.445 -12.387 
4.64646 -6.271 -9.041 -10.735 -11.779 -12.220 -12.351 -12.248 -12.267 -12.261 
4.84848 -5.989 -8.924 -10.670 -11.656 -12.126 -12.294 -12.284 -12.194 -12.163 
5.05051 -5.694 -8.728 -10.489 -11.550 -12.002 -12.177 -12.179 -12.163 -12.199 
5.25253 -5.358 -8.528 -10.330 -11.446 -11.957 -12.042 -12.116 -12.111 -12.009 
5.45455 -4.915 -8.308 -10.257 -11.321 -11.804 -11.949 -12.063 -12.004 -11.946 
5.65657 -4.988 -8.156 -10.099 -11.221 -11.775 -11.926 -12.040 -11.986 -11.916 
5.85859 -4.557 -8.036 -10.006 -11.139 -11.691 -11.891 -11.939 -11.863 -11.871 
6.06061 -4.317 -7.827 -9.813 -11.001 -11.593 -11.737 -11.843 -11.879 -11.800 
6.26263 -4.124 -7.727 -9.704 -10.919 -11.480 -11.697 -11.807 -11.849 -11.758 
6.46465 -4.491 -7.619 -9.627 -10.867 -11.432 -11.650 -11.778 -11.804 -11.746 
6.66667 -3.574 -7.367 -9.593 -10.823 -11.368 -11.533 -11.716 -11.788 -11.708 
6.86869 -3.720 -7.211 -9.477 -10.715 -11.306 -11.507 -11.646 -11.703 -11.700 
7.07071 -3.120 -7.032 -9.311 -10.567 -11.236 -11.413 -11.667 -11.715 -11.653 
7.27273 -2.951 -6.908 -9.134 -10.473 -11.146 -11.319 -11.609 -11.618 -11.602 
7.47475 -2.476 -6.740 -9.089 -10.417 -11.027 -11.284 -11.458 -11.610 -11.524 
7.67677 -2.277 -6.564 -8.932 -10.358 -10.941 -11.145 -11.374 -11.611 -11.540 
7.87879 -1.999 -6.354 -8.842 -10.263 -10.839 -11.111 -11.379 -11.517 -11.550 
8.08081 -1.979 -6.127 -8.679 -10.078 -10.746 -11.056 -11.272 -11.476 -11.442 
8.28283 -0.970 -6.034 -8.526 -10.012 -10.678 -10.934 -11.229 -11.409 -11.479 
8.48485 -0.717 -5.905 -8.487 -9.954 -10.601 -10.877 -11.129 -11.303 -11.405 
8.68687 -1.249 -5.628 -8.299 -9.788 -10.511 -10.714 -11.115 -11.360 -11.354 
8.88889 -0.396 -5.603 -8.218 -9.773 -10.451 -10.741 -11.039 -11.258 -11.397 
9.09091 -0.249 -5.340 -8.138 -9.630 -10.317 -10.663 -10.982 -11.221 -11.258 
9.29293 0.218 -5.060 -7.966 -9.471 -10.222 -10.485 -10.853 -11.172 -11.192 
9.49495 -1.383 -5.239 -7.883 -9.430 -10.153 -10.433 -10.810 -11.162 -11.258 
9.69697 0.687 -5.036 -7.745 -9.356 -10.083 -10.325 -10.791 -11.086 -11.209 
9.89899 0.535 -4.668 -7.558 -9.306 -9.991 -10.250 -10.723 -10.996 -11.100 
10.10101 1.134 -4.515 -7.563 -9.168 -9.895 -10.254 -10.697 -10.944 -11.093 
10.30303 1.081 -4.503 -7.399 -8.989 -9.837 -10.101 -10.547 -10.906 -11.105 
10.50505 1.506 -4.351 -7.281 -8.937 -9.668 -9.963 -10.473 -10.844 -11.077 
10.70707 2.069 -4.100 -7.211 -8.865 -9.671 -9.995 -10.440 -10.830 -10.946 
10.90909 1.802 -4.115 -7.070 -8.789 -9.508 -9.962 -10.384 -10.775 -10.987 
11.11111 2.312 -3.966 -6.975 -8.725 -9.479 -9.787 -10.309 -10.736 -10.922 
11.31313 1.791 -3.844 -6.850 -8.510 -9.341 -9.656 -10.221 -10.703 -10.892 
11.51515 2.083 -3.947 -6.757 -8.476 -9.275 -9.545 -10.216 -10.655 -10.902 
11.71717 2.305 -3.511 -6.632 -8.372 -9.179 -9.532 -10.131 -10.641 -10.865 
11.91919 3.311 -3.431 -6.607 -8.273 -9.079 -9.493 -10.068 -10.616 -10.849 
12.12121 3.597 -3.303 -6.440 -8.204 -9.056 -9.464 -10.037 -10.505 -10.725 
12.32323 2.905 -3.057 -6.346 -8.069 -8.950 -9.282 -9.981 -10.444 -10.734 
12.52525 3.614 -3.051 -6.245 -8.085 -8.879 -9.180 -9.851 -10.444 -10.731 
12.72727 3.597 -3.051 -6.213 -7.967 -8.816 -9.140 -9.855 -10.412 -10.672 
12.92929 3.343 -3.272 -6.088 -7.854 -8.772 -9.140 -9.782 -10.324 -10.620 
13.13131 4.253 -2.736 -5.963 -7.848 -8.633 -8.946 -9.739 -10.332 -10.649 
13.33333 4.459 -2.657 -5.867 -7.742 -8.551 -8.871 -9.673 -10.303 -10.657 
13.53535 3.742 -2.643 -5.757 -7.643 -8.499 -8.972 -9.633 -10.234 -10.576 
13.73737 3.313 -2.358 -5.676 -7.550 -8.471 -8.787 -9.554 -10.214 -10.519 
13.93939 4.220 -2.529 -5.577 -7.488 -8.353 -8.847 -9.480 -10.172 -10.517 
14.14141 3.018 -2.062 -5.464 -7.475 -8.335 -8.726 -9.461 -10.090 -10.476 
14.34343 5.888 -2.111 -5.395 -7.273 -8.157 -8.531 -9.367 -10.075 -10.526 
14.54545 4.174 -1.840 -5.258 -7.108 -8.119 -8.597 -9.325 -10.052 -10.513 
14.74747 5.430 -1.755 -5.213 -7.180 -8.037 -8.486 -9.255 -9.976 -10.395 
14.94949 7.109 -1.991 -5.055 -6.976 -7.932 -8.266 -9.252 -9.940 -10.398 
15.15152 3.344 -1.402 -5.107 -7.006 -7.931 -8.218 -9.164 -9.912 -10.356 
15.35354 6.176 -1.767 -5.025 -6.868 -7.859 -8.249 -9.128 -9.893 -10.296 
15.55556 3.705 -1.285 -4.834 -6.808 -7.757 -8.220 -9.090 -9.877 -10.266 
15.75758 4.758 -1.435 -4.807 -6.692 -7.660 -8.115 -8.972 -9.845 -10.244 
15.95960 6.677 -1.079 -4.763 -6.477 -7.522 -8.076 -8.924 -9.806 -10.229 
16.16162 7.064 -1.444 -4.640 -6.543 -7.573 -7.855 -8.910 -9.649 -10.219 
16.36364 5.400 -1.071 -4.428 -6.502 -7.410 -7.927 -8.876 -9.686 -10.217 
16.56566 7.151 -0.931 -4.386 -6.402 -7.359 -7.816 -8.809 -9.672 -10.121 
16.76768 7.762 -0.442 -4.384 -6.244 -7.270 -7.810 -8.759 -9.594 -10.101 
16.96970 7.231 -0.279 -4.110 -6.261 -7.278 -7.717 -8.713 -9.559 -10.122 
17.17172 7.413 -0.549 -4.038 -6.141 -7.163 -7.765 -8.586 -9.502 -10.011 
17.37374 7.261 -0.129 -4.104 -6.131 -7.050 -7.498 -8.553 -9.503 -10.064 
17.57576 7.628 -0.390 -3.961 -6.010 -7.076 -7.455 -8.500 -9.462 -10.033 
17.77778 8.705 -0.883 -4.051 -5.976 -6.847 -7.557 -8.484 -9.405 -10.001 
17.97980 7.040 -0.159 -3.880 -5.877 -6.877 -7.373 -8.407 -9.348 -9.910 
18.18182 8.314 -0.193 -3.548 -5.681 -6.906 -7.369 -8.403 -9.337 -9.912 
18.38384 7.037 0.724 -3.370 -5.686 -6.649 -7.200 -8.316 -9.339 -9.870 
18.58586 8.834 -0.104 -3.371 -5.671 -6.661 -7.204 -8.226 -9.272 -9.857 
18.78788 12.451 -0.110 -3.400 -5.556 -6.576 -6.981 -8.193 -9.261 -9.832 
18.98990 9.115 0.944 -3.415 -5.518 -6.645 -6.935 -8.184 -9.157 -9.814 
19.19192 9.903 0.839 -3.297 -5.468 -6.298 -6.999 -8.089 -9.111 -9.752 
19.39394 6.486 1.084 -3.157 -5.331 -6.416 -6.890 -8.054 -9.056 -9.711 
19.59596 9.735 -0.577 -2.989 -5.290 -6.226 -6.769 -7.985 -8.921 -9.615 
19.79798 9.574 0.681 -2.805 -5.071 -6.108 -6.629 -7.835 -8.872 -9.441 
20.00000 10.095 1.201 -2.590 -4.731 -5.846 -6.175 -7.611 -8.643 -9.228 
