# t[days] u g r i z y J H K
0.20202 -10.888 -10.560 -10.609 -9.309 -9.879 -9.900 -8.959 -7.006 -3.520 
0.40404 -13.282 -13.582 -14.081 -14.084 -14.068 -13.700 -13.826 -12.837 -9.711 
0.60606 -14.121 -14.895 -15.244 -14.915 -14.884 -15.023 -14.594 -13.835 -14.150 
0.80808 -14.183 -15.186 -15.242 -15.481 -15.235 -15.524 -14.982 -14.278 -13.228 
1.01010 -14.255 -15.219 -15.727 -15.676 -15.550 -15.439 -15.210 -14.930 -15.107 
1.21212 -13.437 -15.084 -15.664 -15.722 -15.877 -15.625 -15.557 -15.603 -14.408 
1.41414 -13.433 -14.962 -15.541 -15.724 -15.684 -15.963 -15.636 -15.343 -15.131 
1.61616 -12.660 -14.706 -15.361 -15.640 -15.681 -15.607 -15.578 -15.627 -15.233 
1.81818 -12.266 -14.300 -15.104 -15.452 -15.381 -15.454 -15.507 -15.238 -14.997 
2.02020 -11.818 -14.011 -14.896 -15.173 -15.346 -15.313 -15.498 -15.489 -15.027 
2.22222 -11.402 -13.466 -14.609 -15.024 -15.262 -15.265 -15.096 -15.302 -14.934 
2.42424 -11.201 -13.033 -14.357 -14.841 -15.095 -15.191 -15.080 -15.248 -15.351 
2.62626 -10.989 -12.708 -13.880 -14.610 -14.900 -14.900 -14.969 -15.018 -15.022 
2.82828 -10.714 -12.486 -13.656 -14.136 -14.527 -14.657 -14.874 -15.113 -14.967 
3.03030 -10.558 -11.904 -13.286 -14.012 -14.371 -14.532 -14.705 -14.873 -14.991 
3.23232 -10.387 -11.767 -13.045 -13.828 -14.242 -14.411 -14.536 -14.859 -14.713 
3.43434 -10.199 -11.415 -12.555 -13.445 -14.059 -14.219 -14.526 -14.669 -14.543 
3.63636 -9.996 -11.075 -12.523 -13.411 -13.984 -14.293 -14.412 -14.748 -14.681 
3.83838 -9.799 -10.925 -12.246 -13.229 -13.884 -14.104 -14.270 -14.528 -14.587 
4.04040 -9.697 -10.725 -12.007 -13.110 -13.762 -14.010 -14.174 -14.460 -14.637 
4.24242 -9.488 -10.469 -11.879 -12.835 -13.613 -13.994 -14.154 -14.430 -14.507 
4.44444 -9.298 -10.441 -11.650 -12.693 -13.581 -13.850 -14.122 -14.319 -14.521 
4.64646 -9.108 -10.120 -11.589 -12.659 -13.566 -13.767 -13.998 -14.216 -14.411 
4.84848 -8.938 -10.216 -11.558 -12.618 -13.418 -13.723 -13.926 -14.144 -14.328 
5.05051 -8.776 -9.989 -11.102 -12.365 -13.282 -13.614 -13.897 -14.157 -14.286 
5.25253 -8.609 -9.928 -10.978 -12.374 -13.199 -13.649 -13.767 -14.092 -14.195 
5.45455 -8.450 -9.694 -10.802 -12.184 -13.110 -13.422 -13.682 -13.979 -14.179 
5.65657 -8.307 -9.526 -10.727 -12.272 -12.987 -13.405 -13.674 -13.867 -14.182 
5.85859 -8.109 -9.281 -10.797 -12.094 -12.962 -13.355 -13.508 -13.784 -13.937 
6.06061 -7.940 -9.179 -10.550 -11.931 -12.794 -13.256 -13.618 -13.718 -13.971 
6.26263 -7.775 -9.167 -10.504 -11.799 -12.853 -13.188 -13.417 -13.690 -13.979 
6.46465 -7.671 -9.187 -10.459 -11.824 -12.758 -13.116 -13.386 -13.765 -13.910 
6.66667 -7.450 -8.767 -10.442 -11.688 -12.573 -13.071 -13.340 -13.648 -13.782 
6.86869 -7.331 -8.597 -10.213 -11.717 -12.619 -13.010 -13.238 -13.455 -13.693 
7.07071 -7.154 -8.670 -10.101 -11.462 -12.507 -12.941 -13.211 -13.518 -13.840 
7.27273 -6.986 -8.376 -10.289 -11.543 -12.462 -12.883 -13.071 -13.266 -13.588 
7.47475 -6.810 -8.358 -10.014 -11.441 -12.421 -12.823 -13.031 -13.313 -13.503 
7.67677 -6.666 -8.292 -9.987 -11.402 -12.340 -12.723 -13.055 -13.312 -13.542 
7.87879 -6.448 -8.097 -9.814 -11.333 -12.271 -12.719 -12.947 -13.226 -13.445 
8.08081 -6.289 -7.932 -9.811 -11.331 -12.242 -12.626 -12.951 -13.140 -13.381 
8.28283 -6.116 -7.918 -9.639 -11.191 -12.148 -12.598 -12.888 -13.133 -13.250 
8.48485 -5.931 -7.722 -9.585 -11.167 -12.152 -12.590 -12.801 -13.034 -13.340 
8.68687 -5.818 -7.633 -9.519 -11.101 -12.175 -12.495 -12.776 -13.050 -13.172 
8.88889 -5.633 -7.518 -9.435 -11.029 -11.989 -12.411 -12.743 -13.010 -13.226 
9.09091 -5.448 -7.493 -9.502 -10.965 -11.981 -12.455 -12.608 -12.953 -13.129 
9.29293 -5.358 -7.521 -9.454 -10.854 -11.820 -12.315 -12.633 -12.821 -13.092 
9.49495 -5.269 -7.161 -9.301 -10.841 -11.801 -12.186 -12.602 -12.783 -13.042 
9.69697 -4.970 -7.153 -9.219 -10.765 -11.759 -12.212 -12.515 -12.829 -12.956 
9.89899 -4.857 -7.213 -9.038 -10.715 -11.686 -12.151 -12.417 -12.706 -12.918 
10.10101 -4.710 -6.869 -8.945 -10.609 -11.632 -12.112 -12.398 -12.601 -12.991 
10.30303 -4.573 -6.585 -8.886 -10.459 -11.534 -12.041 -12.367 -12.611 -12.831 
10.50505 -4.555 -6.615 -8.886 -10.569 -11.484 -11.966 -12.362 -12.626 -12.715 
10.70707 -4.359 -6.684 -8.845 -10.433 -11.463 -11.953 -12.281 -12.552 -12.730 
10.90909 -4.181 -6.415 -8.721 -10.368 -11.416 -11.859 -12.261 -12.522 -12.690 
11.11111 -4.029 -6.317 -8.648 -10.315 -11.291 -11.823 -12.257 -12.484 -12.607 
11.31313 -3.890 -6.234 -8.460 -10.196 -11.292 -11.785 -12.165 -12.443 -12.656 
11.51515 -3.756 -6.147 -8.436 -10.244 -11.232 -11.723 -12.160 -12.389 -12.510 
11.71717 -3.615 -5.945 -8.297 -10.225 -11.242 -11.735 -12.072 -12.388 -12.542 
11.91919 -3.436 -5.791 -8.284 -10.140 -11.188 -11.639 -12.158 -12.345 -12.530 
12.12121 -3.299 -5.948 -8.193 -9.993 -11.073 -11.582 -12.003 -12.356 -12.573 
12.32323 -3.205 -5.510 -8.150 -9.968 -11.048 -11.583 -12.002 -12.234 -12.458 
12.52525 -2.942 -5.787 -8.121 -9.878 -11.046 -11.560 -11.914 -12.281 -12.498 
12.72727 -2.818 -5.483 -8.023 -9.784 -10.946 -11.465 -11.936 -12.253 -12.419 
12.92929 -2.671 -5.363 -7.998 -9.806 -10.909 -11.433 -11.897 -12.176 -12.445 
13.13131 -2.506 -5.172 -7.741 -9.727 -10.818 -11.341 -11.882 -12.150 -12.374 
13.33333 -2.490 -5.195 -7.749 -9.616 -10.812 -11.342 -11.868 -12.157 -12.374 
13.53535 -2.252 -5.035 -7.636 -9.560 -10.762 -11.351 -11.800 -12.206 -12.296 
13.73737 -2.106 -4.833 -7.502 -9.555 -10.705 -11.288 -11.773 -12.103 -12.413 
13.93939 -1.988 -4.789 -7.784 -9.453 -10.680 -11.238 -11.798 -12.102 -12.311 
14.14141 -1.877 -4.884 -7.457 -9.436 -10.631 -11.245 -11.747 -12.071 -12.331 
14.34343 -1.850 -4.765 -7.482 -9.364 -10.508 -11.161 -11.743 -12.084 -12.218 
14.54545 -1.688 -4.507 -7.315 -9.314 -10.555 -11.173 -11.780 -12.070 -12.244 
14.74747 -1.820 -4.566 -7.183 -9.228 -10.528 -11.082 -11.663 -12.067 -12.200 
14.94949 -1.527 -4.602 -7.113 -9.214 -10.450 -11.020 -11.614 -12.023 -12.275 
15.15152 -1.441 -4.099 -7.088 -9.126 -10.376 -11.026 -11.604 -11.996 -12.185 
15.35354 -1.386 -4.086 -7.017 -9.070 -10.363 -11.011 -11.595 -11.959 -12.096 
15.55556 -1.274 -4.092 -6.934 -9.058 -10.343 -10.931 -11.595 -11.999 -12.144 
15.75758 -1.219 -3.738 -6.882 -8.944 -10.212 -10.915 -11.508 -11.955 -12.225 
15.95960 -1.094 -3.999 -6.739 -8.939 -10.226 -10.943 -11.529 -11.928 -12.153 
16.16162 -1.044 -3.877 -6.820 -8.802 -10.135 -10.917 -11.474 -11.944 -12.164 
16.36364 -0.932 -3.467 -6.606 -8.810 -10.150 -10.850 -11.484 -11.933 -12.085 
16.56566 -0.844 -3.526 -6.671 -8.805 -10.095 -10.779 -11.422 -11.909 -12.145 
16.76768 -0.736 -3.551 -6.447 -8.738 -10.106 -10.748 -11.401 -11.871 -12.092 
16.96970 -0.741 -3.679 -6.363 -8.606 -9.988 -10.777 -11.389 -11.870 -12.077 
17.17172 -0.533 -3.319 -6.413 -8.586 -9.984 -10.700 -11.371 -11.876 -12.101 
17.37374 -0.379 -3.084 -6.288 -8.621 -9.898 -10.664 -11.338 -11.847 -12.046 
17.57576 -0.278 -2.903 -6.173 -8.479 -9.847 -10.592 -11.327 -11.839 -12.099 
17.77778 -0.297 -3.013 -6.230 -8.443 -9.827 -10.538 -11.298 -11.772 -12.003 
17.97980 0.005 -3.124 -6.087 -8.363 -9.764 -10.536 -11.257 -11.751 -12.047 
18.18182 0.061 -2.842 -6.057 -8.399 -9.734 -10.483 -11.287 -11.753 -12.056 
18.38384 0.252 -2.788 -5.913 -8.254 -9.717 -10.478 -11.216 -11.752 -11.998 
18.58586 0.363 -2.523 -5.941 -8.230 -9.605 -10.426 -11.119 -11.698 -12.010 
18.78788 0.494 -2.139 -5.600 -8.189 -9.594 -10.406 -11.199 -11.679 -11.979 
18.98990 0.650 -2.813 -5.541 -8.080 -9.543 -10.339 -11.117 -11.687 -12.031 
19.19192 0.705 -2.278 -5.492 -7.959 -9.412 -10.297 -11.050 -11.639 -11.902 
19.39394 0.920 -2.630 -5.435 -8.031 -9.423 -10.242 -11.003 -11.525 -11.853 
19.59596 1.009 -2.162 -5.419 -7.788 -9.352 -10.143 -10.925 -11.498 -11.830 
19.79798 1.199 -2.066 -5.090 -7.799 -9.282 -10.073 -10.892 -11.387 -11.793 
20.00000 1.337 -1.555 -5.212 -7.555 -9.155 -9.968 -10.759 -11.367 -11.622 
