# t[days] u g r i z y J H K
0.20202 -10.999 -10.458 -11.335 -8.825 -8.268 -7.919 -7.235 -5.209 -3.605 
0.40404 -13.351 -14.019 -14.942 -14.797 -14.167 -13.387 -13.294 -12.382 -10.688 
0.60606 -14.548 -15.026 -15.892 -15.861 -15.540 -15.042 -14.174 -14.284 -13.844 
0.80808 -14.561 -15.647 -16.009 -16.044 -15.763 -15.797 -14.681 -14.617 -14.461 
1.01010 -14.634 -15.754 -16.292 -16.102 -16.228 -16.036 -15.625 -15.321 -14.994 
1.21212 -14.391 -15.855 -16.331 -16.448 -16.250 -16.044 -15.795 -15.497 -15.107 
1.41414 -14.146 -15.652 -16.289 -16.389 -16.175 -16.169 -15.899 -15.700 -14.807 
1.61616 -13.774 -15.462 -16.214 -16.350 -16.291 -16.235 -16.041 -15.717 -15.467 
1.81818 -13.185 -15.303 -16.026 -16.222 -16.146 -15.999 -15.967 -15.874 -15.525 
2.02020 -12.910 -15.039 -15.857 -16.105 -16.126 -16.053 -15.885 -15.715 -15.632 
2.22222 -12.428 -14.651 -15.600 -15.962 -15.766 -15.633 -15.628 -15.872 -15.556 
2.42424 -12.166 -14.354 -15.415 -15.799 -15.690 -15.763 -15.612 -15.470 -15.747 
2.62626 -11.690 -14.132 -15.122 -15.336 -15.403 -15.481 -15.472 -15.532 -15.438 
2.82828 -11.396 -13.743 -14.844 -15.149 -15.291 -15.354 -15.435 -15.499 -15.453 
3.03030 -11.002 -13.244 -14.394 -14.927 -15.036 -15.151 -15.206 -15.359 -15.387 
3.23232 -10.793 -13.069 -14.125 -14.738 -14.854 -15.076 -15.150 -15.267 -15.188 
3.43434 -10.480 -12.650 -13.764 -14.257 -14.625 -14.785 -14.972 -15.117 -14.951 
3.63636 -10.402 -12.491 -13.528 -14.301 -14.416 -14.537 -14.872 -14.971 -14.830 
3.83838 -10.137 -12.128 -13.361 -14.003 -14.393 -14.556 -14.763 -14.955 -14.983 
4.04040 -10.002 -11.946 -13.151 -13.827 -14.272 -14.419 -14.594 -14.822 -14.923 
4.24242 -9.859 -11.743 -12.715 -13.708 -14.123 -14.019 -14.410 -14.803 -14.831 
4.44444 -9.622 -11.413 -12.685 -13.384 -13.850 -14.014 -14.537 -14.615 -14.665 
4.64646 -9.507 -11.458 -12.696 -13.259 -13.799 -13.888 -14.284 -14.565 -14.334 
4.84848 -9.304 -10.949 -12.577 -13.133 -13.642 -13.908 -14.124 -14.428 -14.610 
5.05051 -9.208 -11.003 -12.072 -12.949 -13.530 -13.852 -14.179 -14.219 -14.403 
5.25253 -9.009 -10.832 -12.084 -12.986 -13.363 -13.694 -13.974 -14.351 -14.494 
5.45455 -8.895 -10.677 -12.032 -12.891 -13.323 -13.599 -13.990 -14.280 -14.466 
5.65657 -8.714 -10.421 -11.800 -12.630 -13.252 -13.612 -13.888 -14.262 -14.303 
5.85859 -8.617 -10.093 -11.531 -12.512 -13.222 -13.380 -13.908 -14.095 -14.344 
6.06061 -8.410 -9.963 -11.412 -12.294 -13.103 -13.357 -13.596 -14.155 -14.431 
6.26263 -8.280 -9.937 -11.355 -12.376 -12.953 -13.287 -13.607 -13.958 -14.243 
6.46465 -8.125 -9.823 -11.219 -12.328 -12.934 -13.262 -13.589 -13.931 -14.195 
6.66667 -7.981 -9.435 -11.000 -12.155 -12.751 -13.173 -13.575 -13.872 -14.246 
6.86869 -7.825 -9.506 -10.903 -11.960 -12.735 -13.128 -13.442 -13.760 -14.098 
7.07071 -7.706 -9.351 -10.814 -11.844 -12.606 -13.027 -13.426 -13.799 -14.058 
7.27273 -7.703 -9.246 -10.798 -11.786 -12.480 -12.903 -13.357 -13.575 -14.017 
7.47475 -7.430 -9.055 -10.757 -11.792 -12.601 -12.906 -13.267 -13.700 -13.945 
7.67677 -7.353 -9.003 -10.687 -11.803 -12.419 -12.946 -13.173 -13.561 -13.902 
7.87879 -7.127 -9.009 -10.551 -11.618 -12.393 -12.837 -13.046 -13.558 -13.922 
8.08081 -6.983 -8.862 -10.300 -11.447 -12.221 -12.827 -13.133 -13.578 -13.907 
8.28283 -6.833 -8.534 -10.154 -11.336 -12.243 -12.564 -13.073 -13.432 -13.733 
8.48485 -6.684 -8.573 -10.259 -11.333 -12.122 -12.588 -12.965 -13.496 -13.738 
8.68687 -6.493 -8.335 -10.150 -11.267 -12.058 -12.515 -12.949 -13.444 -13.702 
8.88889 -6.349 -8.395 -9.956 -11.167 -12.058 -12.472 -12.794 -13.181 -13.626 
9.09091 -6.268 -8.177 -9.785 -11.204 -12.042 -12.419 -12.906 -13.250 -13.591 
9.29293 -5.984 -8.013 -9.750 -10.981 -11.930 -12.346 -12.738 -13.280 -13.534 
9.49495 -5.856 -7.903 -9.604 -10.990 -11.858 -12.242 -12.746 -13.138 -13.542 
9.69697 -5.684 -7.748 -9.587 -10.844 -11.802 -12.299 -12.707 -13.062 -13.406 
9.89899 -5.519 -7.469 -9.411 -10.829 -11.786 -12.230 -12.568 -13.006 -13.444 
10.10101 -5.408 -7.764 -9.265 -10.806 -11.706 -12.159 -12.505 -13.043 -13.401 
10.30303 -5.270 -7.822 -9.480 -10.799 -11.739 -12.125 -12.513 -12.932 -13.239 
10.50505 -5.105 -7.215 -9.057 -10.618 -11.568 -12.155 -12.481 -12.829 -13.212 
10.70707 -4.966 -7.101 -8.971 -10.507 -11.491 -11.962 -12.409 -12.937 -13.273 
10.90909 -4.893 -7.040 -8.766 -10.505 -11.496 -11.954 -12.396 -12.815 -13.102 
11.11111 -4.680 -6.890 -8.945 -10.355 -11.349 -11.899 -12.296 -12.776 -13.134 
11.31313 -4.647 -6.743 -8.751 -10.360 -11.374 -11.869 -12.302 -12.686 -13.060 
11.51515 -4.377 -6.531 -8.496 -10.324 -11.223 -11.832 -12.250 -12.640 -12.982 
11.71717 -4.493 -6.414 -8.701 -10.183 -11.099 -11.737 -12.194 -12.640 -12.921 
11.91919 -4.179 -6.359 -8.737 -10.207 -11.111 -11.693 -12.115 -12.557 -12.916 
12.12121 -4.141 -6.272 -8.350 -9.946 -11.074 -11.597 -12.096 -12.506 -12.905 
12.32323 -3.941 -6.410 -8.341 -9.948 -11.086 -11.612 -12.051 -12.467 -12.854 
12.52525 -3.804 -6.151 -8.278 -9.826 -10.950 -11.548 -12.003 -12.432 -12.742 
12.72727 -3.715 -5.801 -7.958 -9.801 -10.926 -11.431 -11.967 -12.376 -12.796 
12.92929 -3.574 -5.759 -8.175 -9.839 -10.849 -11.398 -11.987 -12.404 -12.717 
13.13131 -3.702 -5.518 -7.932 -9.617 -10.874 -11.320 -11.894 -12.332 -12.672 
13.33333 -3.503 -5.890 -7.919 -9.712 -10.764 -11.348 -11.797 -12.322 -12.618 
13.53535 -3.201 -5.287 -7.653 -9.503 -10.739 -11.272 -11.836 -12.227 -12.603 
13.73737 -3.107 -5.209 -7.807 -9.481 -10.778 -11.204 -11.803 -12.210 -12.600 
13.93939 -2.966 -5.391 -7.621 -9.508 -10.639 -11.172 -11.761 -12.239 -12.567 
14.14141 -2.818 -5.335 -7.563 -9.375 -10.542 -11.211 -11.727 -12.164 -12.504 
14.34343 -2.658 -5.350 -7.661 -9.288 -10.439 -11.102 -11.669 -12.088 -12.451 
14.54545 -2.749 -4.935 -7.480 -9.315 -10.367 -11.070 -11.620 -12.109 -12.409 
14.74747 -2.350 -4.719 -7.445 -9.253 -10.484 -11.028 -11.626 -12.050 -12.446 
14.94949 -2.629 -4.820 -7.191 -9.083 -10.356 -11.034 -11.610 -12.096 -12.334 
15.15152 -2.067 -4.929 -7.276 -9.106 -10.354 -10.955 -11.558 -12.084 -12.377 
15.35354 -1.928 -4.486 -6.873 -9.043 -10.324 -10.868 -11.547 -12.006 -12.348 
15.55556 -1.813 -4.251 -7.011 -9.052 -10.239 -10.919 -11.545 -11.956 -12.211 
15.75758 -1.681 -4.865 -6.983 -8.912 -10.148 -10.789 -11.473 -11.945 -12.256 
15.95960 -1.630 -4.564 -6.791 -8.881 -10.151 -10.756 -11.435 -11.925 -12.227 
16.16162 -1.491 -4.187 -6.764 -8.820 -10.087 -10.734 -11.441 -11.912 -12.251 
16.36364 -1.425 -4.504 -6.666 -8.813 -10.053 -10.748 -11.396 -11.884 -12.181 
16.56566 -1.293 -3.896 -6.542 -8.704 -10.034 -10.744 -11.407 -11.840 -12.202 
16.76768 -1.233 -3.937 -6.452 -8.708 -10.021 -10.598 -11.389 -11.894 -12.217 
16.96970 -1.168 -3.841 -6.454 -8.657 -9.939 -10.689 -11.369 -11.872 -12.162 
17.17172 -1.517 -4.273 -6.683 -8.530 -9.793 -10.610 -11.363 -11.821 -12.193 
17.37374 -1.000 -3.677 -6.418 -8.473 -9.858 -10.606 -11.345 -11.862 -12.161 
17.57576 -0.912 -3.631 -6.286 -8.458 -9.838 -10.574 -11.321 -11.821 -12.139 
17.77778 -0.845 -3.398 -6.204 -8.394 -9.806 -10.546 -11.286 -11.726 -12.138 
17.97980 -0.781 -3.482 -6.014 -8.388 -9.795 -10.515 -11.226 -11.796 -12.134 
18.18182 -0.723 -3.372 -6.163 -8.191 -9.709 -10.410 -11.278 -11.751 -12.094 
18.38384 -0.633 -3.097 -6.107 -8.220 -9.670 -10.444 -11.165 -11.739 -12.102 
18.58586 -0.591 -3.360 -5.922 -8.265 -9.578 -10.402 -11.217 -11.695 -12.055 
18.78788 -0.573 -2.938 -5.655 -8.198 -9.615 -10.356 -11.133 -11.709 -12.046 
18.98990 -0.426 -2.847 -5.727 -8.070 -9.585 -10.326 -11.082 -11.718 -12.056 
19.19192 -0.338 -3.071 -5.702 -8.150 -9.555 -10.314 -11.064 -11.681 -12.024 
19.39394 -0.270 -2.739 -5.810 -7.905 -9.456 -10.277 -11.036 -11.671 -11.920 
19.59596 -0.089 -2.565 -5.537 -7.833 -9.339 -10.135 -10.955 -11.605 -11.912 
19.79798 -0.040 -2.759 -5.216 -7.687 -9.297 -10.165 -10.959 -11.495 -11.866 
20.00000 0.024 -2.397 -5.159 -7.697 -9.219 -10.045 -10.854 -11.485 -11.818 
