# t[days] u g r i z y J H K
0.20202 -11.655 -12.080 -12.725 -12.076 -12.192 -12.209 -11.765 -9.916 -1.389 
0.40404 -13.030 -13.759 -13.778 -13.827 -13.670 -13.754 -12.681 -12.699 -12.790 
0.60606 -12.976 -13.928 -14.253 -14.487 -14.137 -14.226 -13.424 -13.323 -12.308 
0.80808 -12.658 -13.922 -14.397 -14.576 -14.422 -14.381 -13.998 -13.620 -13.494 
1.01010 -11.786 -13.442 -14.101 -14.444 -14.626 -14.563 -14.368 -14.113 -13.861 
1.21212 -11.325 -12.919 -13.787 -14.294 -14.652 -14.659 -14.368 -14.278 -13.558 
1.41414 -10.847 -12.608 -13.623 -14.290 -14.661 -14.632 -14.424 -14.238 -14.132 
1.61616 -10.209 -12.155 -13.401 -14.164 -14.506 -14.585 -14.413 -14.187 -13.959 
1.81818 -9.923 -11.785 -13.033 -13.893 -14.382 -14.465 -14.231 -14.068 -13.881 
2.02020 -9.638 -11.610 -12.845 -13.837 -14.289 -14.370 -14.125 -14.165 -13.868 
2.22222 -9.400 -11.314 -12.769 -13.637 -14.080 -14.208 -14.087 -13.783 -13.615 
2.42424 -9.024 -10.993 -12.483 -13.469 -13.888 -13.995 -13.875 -13.674 -13.624 
2.62626 -8.650 -10.738 -12.226 -13.195 -13.676 -13.776 -13.704 -13.694 -13.538 
2.82828 -8.382 -10.560 -12.065 -13.053 -13.575 -13.681 -13.516 -13.423 -13.320 
3.03030 -8.181 -10.424 -11.966 -12.895 -13.352 -13.487 -13.434 -13.226 -13.303 
3.23232 -7.930 -10.163 -11.718 -12.762 -13.225 -13.354 -13.263 -13.203 -13.207 
3.43434 -7.665 -9.941 -11.544 -12.586 -13.034 -13.145 -13.102 -13.025 -12.852 
3.63636 -7.531 -9.852 -11.452 -12.387 -12.844 -13.006 -12.871 -12.816 -12.798 
3.83838 -7.213 -9.693 -11.282 -12.222 -12.725 -12.848 -12.870 -12.769 -12.768 
4.04040 -6.889 -9.489 -11.127 -12.112 -12.629 -12.777 -12.703 -12.596 -12.576 
4.24242 -7.029 -9.518 -11.036 -12.011 -12.486 -12.572 -12.600 -12.501 -12.401 
4.44444 -6.436 -9.251 -10.960 -11.886 -12.382 -12.458 -12.475 -12.444 -12.352 
4.64646 -6.235 -9.084 -10.722 -11.780 -12.234 -12.341 -12.250 -12.240 -12.242 
4.84848 -5.992 -8.887 -10.689 -11.657 -12.118 -12.324 -12.288 -12.215 -12.189 
5.05051 -5.696 -8.766 -10.510 -11.556 -11.988 -12.149 -12.172 -12.154 -12.179 
5.25253 -5.414 -8.505 -10.302 -11.442 -11.968 -12.058 -12.126 -12.114 -12.000 
5.45455 -4.979 -8.282 -10.239 -11.318 -11.787 -11.955 -12.059 -12.007 -11.954 
5.65657 -5.128 -8.203 -10.140 -11.218 -11.779 -11.956 -12.016 -11.984 -11.891 
5.85859 -4.453 -8.048 -10.006 -11.157 -11.680 -11.874 -11.957 -11.879 -11.902 
6.06061 -4.307 -7.832 -9.815 -10.996 -11.614 -11.746 -11.850 -11.894 -11.818 
6.26263 -4.144 -7.716 -9.694 -10.905 -11.489 -11.709 -11.799 -11.841 -11.731 
6.46465 -4.413 -7.677 -9.691 -10.895 -11.439 -11.655 -11.780 -11.791 -11.762 
6.66667 -3.372 -7.375 -9.587 -10.830 -11.364 -11.540 -11.722 -11.796 -11.726 
6.86869 -3.847 -7.274 -9.477 -10.730 -11.314 -11.477 -11.647 -11.735 -11.702 
7.07071 -3.073 -6.999 -9.337 -10.578 -11.231 -11.433 -11.663 -11.683 -11.649 
7.27273 -2.898 -6.926 -9.108 -10.459 -11.126 -11.317 -11.605 -11.606 -11.611 
7.47475 -2.435 -6.735 -9.118 -10.428 -11.039 -11.293 -11.461 -11.636 -11.544 
7.67677 -2.250 -6.578 -8.949 -10.369 -10.955 -11.173 -11.387 -11.625 -11.546 
7.87879 -2.439 -6.345 -8.830 -10.253 -10.844 -11.081 -11.373 -11.518 -11.524 
8.08081 -1.941 -6.219 -8.702 -10.074 -10.723 -11.072 -11.275 -11.486 -11.463 
8.28283 -1.095 -6.052 -8.529 -10.024 -10.677 -10.918 -11.227 -11.385 -11.461 
8.48485 -0.749 -5.922 -8.509 -9.954 -10.615 -10.893 -11.128 -11.325 -11.444 
8.68687 -1.207 -5.673 -8.266 -9.787 -10.506 -10.712 -11.109 -11.318 -11.309 
8.88889 -0.348 -5.628 -8.260 -9.821 -10.469 -10.749 -11.069 -11.311 -11.419 
9.09091 -0.177 -5.289 -8.154 -9.610 -10.292 -10.668 -10.988 -11.202 -11.243 
9.29293 0.193 -5.141 -7.981 -9.478 -10.227 -10.496 -10.834 -11.167 -11.222 
9.49495 -1.391 -5.235 -7.911 -9.426 -10.152 -10.416 -10.812 -11.162 -11.254 
9.69697 0.642 -5.010 -7.688 -9.372 -10.096 -10.330 -10.795 -11.084 -11.188 
9.89899 0.538 -4.702 -7.584 -9.300 -9.997 -10.239 -10.708 -11.003 -11.123 
10.10101 1.144 -4.480 -7.550 -9.169 -9.870 -10.228 -10.716 -10.946 -11.070 
10.30303 1.139 -4.528 -7.400 -8.986 -9.849 -10.123 -10.531 -10.906 -11.103 
10.50505 1.403 -4.421 -7.304 -8.939 -9.676 -9.948 -10.472 -10.825 -11.088 
10.70707 1.990 -4.059 -7.201 -8.831 -9.653 -9.982 -10.446 -10.838 -10.975 
10.90909 1.887 -4.073 -7.106 -8.831 -9.538 -9.964 -10.385 -10.809 -10.950 
11.11111 1.972 -4.036 -7.052 -8.777 -9.514 -9.820 -10.345 -10.769 -10.960 
11.31313 1.544 -3.950 -6.885 -8.533 -9.377 -9.673 -10.275 -10.739 -10.941 
11.51515 2.785 -3.878 -6.706 -8.485 -9.254 -9.536 -10.159 -10.634 -10.901 
11.71717 2.307 -3.561 -6.663 -8.363 -9.161 -9.548 -10.139 -10.622 -10.819 
11.91919 3.306 -3.380 -6.603 -8.260 -9.060 -9.458 -10.060 -10.601 -10.847 
12.12121 3.612 -3.360 -6.441 -8.202 -9.033 -9.470 -10.034 -10.506 -10.719 
12.32323 2.988 -3.032 -6.328 -8.128 -8.961 -9.297 -9.967 -10.435 -10.739 
12.52525 3.946 -3.189 -6.308 -8.075 -8.915 -9.183 -9.891 -10.502 -10.786 
12.72727 3.541 -2.916 -6.214 -7.963 -8.791 -9.155 -9.834 -10.393 -10.650 
12.92929 3.293 -3.197 -6.043 -7.835 -8.784 -9.137 -9.809 -10.313 -10.630 
13.13131 4.351 -2.888 -6.021 -7.840 -8.635 -8.945 -9.735 -10.344 -10.653 
13.33333 4.426 -2.600 -5.849 -7.762 -8.534 -8.861 -9.660 -10.307 -10.663 
13.53535 3.857 -2.680 -5.754 -7.654 -8.491 -8.917 -9.645 -10.227 -10.551 
13.73737 3.305 -2.265 -5.684 -7.571 -8.499 -8.857 -9.528 -10.211 -10.529 
13.93939 4.141 -2.479 -5.610 -7.485 -8.353 -8.848 -9.510 -10.160 -10.514 
14.14141 2.997 -2.280 -5.553 -7.521 -8.347 -8.748 -9.478 -10.133 -10.545 
14.34343 5.942 -2.293 -5.312 -7.261 -8.176 -8.545 -9.360 -10.097 -10.503 
14.54545 4.145 -1.709 -5.286 -7.094 -8.168 -8.590 -9.322 -10.050 -10.510 
14.74747 5.450 -1.703 -5.226 -7.163 -8.008 -8.452 -9.253 -9.935 -10.346 
14.94949 3.615 -1.960 -5.072 -7.025 -7.922 -8.252 -9.275 -9.978 -10.421 
15.15152 4.309 -1.475 -5.074 -6.984 -7.957 -8.274 -9.193 -9.939 -10.422 
15.35354 3.684 -1.837 -4.988 -6.873 -7.834 -8.203 -9.141 -9.892 -10.276 
15.55556 6.292 -1.216 -4.880 -6.826 -7.746 -8.223 -9.080 -9.869 -10.238 
15.75758 4.453 -1.476 -4.782 -6.681 -7.668 -8.105 -8.930 -9.848 -10.275 
15.95960 6.621 -1.080 -4.801 -6.461 -7.517 -8.050 -8.938 -9.789 -10.202 
16.16162 6.970 -1.429 -4.590 -6.562 -7.550 -7.876 -8.889 -9.601 -10.187 
16.36364 5.380 -1.117 -4.479 -6.444 -7.466 -7.967 -8.866 -9.724 -10.234 
16.56566 7.049 -0.912 -4.371 -6.412 -7.334 -7.797 -8.815 -9.665 -10.119 
16.76768 7.984 -0.519 -4.392 -6.289 -7.258 -7.787 -8.776 -9.592 -10.111 
16.96970 7.006 -0.408 -4.077 -6.228 -7.273 -7.746 -8.708 -9.576 -10.104 
17.17172 7.812 -0.508 -4.111 -6.188 -7.103 -7.765 -8.613 -9.496 -10.015 
17.37374 7.146 -0.134 -4.068 -6.099 -7.031 -7.476 -8.493 -9.487 -10.065 
17.57576 7.312 -0.426 -3.961 -6.041 -7.101 -7.495 -8.549 -9.497 -10.071 
17.77778 8.972 -0.903 -4.023 -5.899 -6.846 -7.538 -8.477 -9.379 -10.003 
17.97980 7.687 -0.041 -3.897 -5.921 -6.833 -7.331 -8.449 -9.357 -9.901 
18.18182 7.369 -0.138 -3.467 -5.711 -6.849 -7.370 -8.352 -9.330 -9.899 
18.38384 6.362 0.369 -3.542 -5.692 -6.782 -7.297 -8.374 -9.409 -9.948 
18.58586 8.543 -0.105 -3.430 -5.696 -6.678 -7.153 -8.229 -9.264 -9.858 
18.78788 10.220 -0.021 -3.313 -5.511 -6.625 -7.005 -8.209 -9.258 -9.833 
18.98990 9.621 1.017 -3.415 -5.541 -6.584 -6.988 -8.163 -9.146 -9.774 
19.19192 9.879 0.804 -3.383 -5.494 -6.310 -6.911 -8.102 -9.133 -9.766 
19.39394 6.760 0.759 -3.070 -5.256 -6.405 -6.857 -7.976 -8.973 -9.681 
19.59596 9.640 -0.584 -3.029 -5.343 -6.215 -6.802 -8.029 -8.964 -9.632 
19.79798 9.613 1.483 -2.633 -4.989 -6.123 -6.548 -7.818 -8.867 -9.469 
20.00000 10.334 0.499 -2.764 -4.790 -5.868 -6.328 -7.681 -8.648 -9.261 
