# t[days] u g r i z y J H K
0.20202 -12.169 -12.549 -12.355 -12.381 -13.526 -10.750 -9.523 -2.080 -1.864 
0.40404 -13.317 -13.988 -13.940 -13.690 -13.546 -14.049 -12.774 -12.017 -12.197 
0.60606 -13.358 -14.086 -14.433 -14.441 -13.946 -13.984 -13.313 -13.281 -11.884 
0.80808 -12.480 -14.059 -14.627 -14.492 -14.484 -14.164 -14.190 -13.715 -13.392 
1.01010 -12.550 -14.008 -14.555 -14.676 -14.828 -14.826 -14.682 -14.108 -13.980 
1.21212 -12.274 -14.028 -14.638 -15.127 -15.111 -15.086 -14.903 -14.695 -14.136 
1.41414 -12.076 -13.826 -14.665 -15.018 -15.245 -15.398 -15.068 -15.011 -15.124 
1.61616 -11.808 -13.606 -14.400 -15.118 -15.319 -15.466 -15.367 -15.035 -14.878 
1.81818 -11.613 -13.343 -14.336 -14.842 -15.322 -15.433 -15.309 -15.370 -14.794 
2.02020 -11.361 -13.142 -14.110 -14.884 -15.359 -15.441 -15.236 -15.131 -14.818 
2.22222 -11.210 -12.770 -13.896 -14.720 -15.222 -15.270 -15.081 -14.959 -15.018 
2.42424 -11.164 -12.800 -13.799 -14.608 -15.093 -15.262 -15.131 -15.022 -14.909 
2.62626 -10.906 -12.464 -13.577 -14.436 -14.931 -14.989 -14.974 -14.780 -14.744 
2.82828 -10.723 -12.039 -13.367 -14.259 -14.790 -14.949 -14.830 -14.736 -14.678 
3.03030 -10.448 -12.025 -13.327 -14.132 -14.651 -14.874 -14.761 -14.550 -14.572 
3.23232 -10.393 -11.928 -13.090 -13.926 -14.494 -14.662 -14.640 -14.394 -14.297 
3.43434 -10.094 -11.571 -12.823 -13.831 -14.385 -14.551 -14.462 -14.323 -14.261 
3.63636 -9.695 -11.521 -12.706 -13.669 -14.255 -14.434 -14.399 -14.209 -14.019 
3.83838 -9.768 -11.474 -12.647 -13.591 -14.116 -14.309 -14.242 -14.050 -13.989 
4.04040 -9.564 -11.321 -12.531 -13.345 -13.940 -14.151 -14.189 -13.991 -13.847 
4.24242 -9.406 -11.081 -12.421 -13.296 -13.785 -14.074 -14.003 -13.960 -13.806 
4.44444 -9.102 -11.122 -12.339 -13.251 -13.781 -14.056 -13.891 -13.757 -13.586 
4.64646 -8.886 -10.808 -12.120 -13.091 -13.643 -13.955 -13.800 -13.689 -13.527 
4.84848 -8.755 -10.783 -12.025 -12.965 -13.480 -13.679 -13.724 -13.444 -13.412 
5.05051 -8.225 -10.583 -11.952 -12.864 -13.410 -13.638 -13.659 -13.486 -13.297 
5.25253 -8.136 -10.315 -11.723 -12.658 -13.290 -13.493 -13.458 -13.336 -13.264 
5.45455 -8.080 -10.139 -11.621 -12.646 -13.169 -13.411 -13.336 -13.211 -13.103 
5.65657 -7.764 -10.226 -11.511 -12.497 -13.054 -13.292 -13.359 -13.172 -13.004 
5.85859 -7.317 -9.927 -11.496 -12.421 -12.985 -13.203 -13.237 -13.144 -12.901 
6.06061 -7.179 -9.889 -11.302 -12.339 -12.884 -13.177 -13.207 -13.028 -12.898 
6.26263 -6.839 -9.615 -11.111 -12.167 -12.746 -13.003 -13.107 -12.951 -12.841 
6.46465 -6.947 -9.486 -11.105 -12.116 -12.737 -12.950 -13.018 -12.895 -12.814 
6.66667 -6.618 -9.277 -10.939 -11.976 -12.600 -12.899 -12.919 -12.833 -12.669 
6.86869 -6.369 -9.052 -10.829 -11.981 -12.576 -12.815 -12.875 -12.776 -12.631 
7.07071 -5.791 -8.880 -10.680 -11.818 -12.462 -12.759 -12.755 -12.729 -12.584 
7.27273 -5.654 -8.710 -10.484 -11.669 -12.388 -12.653 -12.797 -12.710 -12.538 
7.47475 -5.796 -8.501 -10.492 -11.555 -12.226 -12.524 -12.645 -12.644 -12.564 
7.67677 -5.157 -8.472 -10.329 -11.504 -12.207 -12.432 -12.633 -12.614 -12.547 
7.87879 -4.797 -8.249 -10.217 -11.433 -12.158 -12.438 -12.559 -12.572 -12.476 
8.08081 -4.589 -8.117 -10.065 -11.333 -12.022 -12.365 -12.538 -12.573 -12.442 
8.28283 -5.348 -8.035 -10.045 -11.285 -11.946 -12.296 -12.487 -12.559 -12.430 
8.48485 -4.545 -7.731 -9.861 -11.166 -11.920 -12.177 -12.427 -12.478 -12.384 
8.68687 -4.257 -7.634 -9.761 -11.105 -11.841 -12.162 -12.401 -12.427 -12.438 
8.88889 -4.243 -7.450 -9.569 -10.991 -11.752 -12.108 -12.366 -12.430 -12.363 
9.09091 -3.583 -7.320 -9.484 -10.921 -11.691 -12.049 -12.310 -12.391 -12.365 
9.29293 -3.297 -7.111 -9.418 -10.840 -11.616 -11.998 -12.271 -12.350 -12.275 
9.49495 -3.646 -7.261 -9.290 -10.810 -11.556 -12.023 -12.284 -12.288 -12.219 
9.69697 -3.449 -7.145 -9.274 -10.715 -11.553 -11.930 -12.237 -12.332 -12.283 
9.89899 -3.340 -6.807 -9.153 -10.737 -11.492 -11.869 -12.200 -12.383 -12.237 
10.10101 -3.459 -6.655 -9.029 -10.605 -11.452 -11.870 -12.194 -12.285 -12.286 
10.30303 -2.877 -6.367 -8.928 -10.502 -11.377 -11.771 -12.083 -12.324 -12.353 
10.50505 -2.333 -6.237 -8.810 -10.433 -11.254 -11.732 -12.088 -12.230 -12.260 
10.70707 -1.984 -6.134 -8.698 -10.353 -11.188 -11.692 -12.043 -12.246 -12.205 
10.90909 -2.073 -6.159 -8.659 -10.324 -11.234 -11.627 -12.036 -12.229 -12.168 
11.11111 -1.907 -5.762 -8.551 -10.236 -11.115 -11.611 -11.986 -12.169 -12.190 
11.31313 -1.820 -5.780 -8.493 -10.153 -11.062 -11.587 -11.960 -12.188 -12.124 
11.51515 -1.800 -5.760 -8.290 -10.033 -10.987 -11.445 -11.898 -12.150 -12.137 
11.71717 -1.142 -5.553 -8.176 -9.992 -10.927 -11.402 -11.844 -12.079 -12.120 
11.91919 -1.626 -5.201 -8.076 -9.843 -10.849 -11.400 -11.813 -12.037 -12.101 
12.12121 -0.763 -5.367 -8.082 -9.775 -10.807 -11.273 -11.723 -12.067 -12.091 
12.32323 -0.644 -5.283 -7.876 -9.824 -10.715 -11.270 -11.679 -11.998 -12.024 
12.52525 -0.610 -4.838 -7.891 -9.702 -10.673 -11.177 -11.698 -11.958 -11.990 
12.72727 -0.314 -4.828 -7.677 -9.632 -10.591 -11.067 -11.601 -11.968 -12.078 
12.92929 -0.225 -4.718 -7.683 -9.492 -10.563 -11.071 -11.529 -11.912 -12.008 
13.13131 -0.004 -4.384 -7.517 -9.417 -10.490 -10.969 -11.513 -11.872 -11.978 
13.33333 0.140 -4.659 -7.425 -9.350 -10.411 -10.948 -11.445 -11.811 -11.955 
13.53535 0.231 -4.001 -7.350 -9.372 -10.354 -10.909 -11.414 -11.813 -11.873 
13.73737 0.505 -4.010 -7.268 -9.194 -10.273 -10.791 -11.370 -11.771 -11.919 
13.93939 0.664 -3.877 -7.113 -9.084 -10.174 -10.703 -11.338 -11.729 -11.879 
14.14141 0.887 -3.780 -6.907 -9.055 -10.127 -10.636 -11.254 -11.702 -11.865 
14.34343 0.920 -3.598 -6.997 -8.931 -10.050 -10.655 -11.178 -11.682 -11.864 
14.54545 1.190 -3.301 -6.883 -8.865 -9.939 -10.504 -11.153 -11.580 -11.779 
14.74747 1.312 -4.094 -6.841 -8.812 -9.923 -10.467 -11.147 -11.608 -11.726 
14.94949 1.494 -3.341 -6.601 -8.790 -9.799 -10.413 -11.091 -11.475 -11.728 
15.15152 1.714 -3.100 -6.640 -8.665 -9.819 -10.373 -10.988 -11.462 -11.674 
15.35354 0.933 -3.087 -6.441 -8.517 -9.753 -10.294 -10.974 -11.437 -11.611 
15.55556 1.960 -2.873 -6.354 -8.459 -9.610 -10.198 -10.889 -11.454 -11.668 
15.75758 2.246 -2.603 -6.147 -8.357 -9.739 -10.130 -10.882 -11.375 -11.611 
15.95960 2.266 -2.304 -6.064 -8.255 -9.487 -10.025 -10.795 -11.338 -11.608 
16.16162 2.552 -2.728 -6.165 -8.247 -9.409 -10.051 -10.683 -11.219 -11.556 
16.36364 2.594 -2.456 -5.980 -8.140 -9.358 -9.953 -10.750 -11.258 -11.524 
16.56566 2.788 -2.411 -6.039 -8.129 -9.345 -9.885 -10.640 -11.235 -11.466 
16.76768 2.699 -2.630 -5.881 -8.111 -9.216 -9.804 -10.595 -11.196 -11.470 
16.96970 3.113 -1.733 -5.642 -7.918 -9.149 -9.680 -10.496 -11.176 -11.396 
17.17172 3.411 -1.957 -5.657 -7.902 -9.028 -9.680 -10.461 -11.090 -11.390 
17.37374 3.436 -1.814 -5.554 -7.808 -8.991 -9.663 -10.432 -11.072 -11.376 
17.57576 2.756 -1.883 -5.322 -7.737 -9.071 -9.571 -10.385 -11.042 -11.323 
17.77778 3.695 -1.518 -5.243 -7.636 -8.956 -9.526 -10.341 -10.935 -11.300 
17.97980 3.370 -1.073 -5.199 -7.664 -8.859 -9.468 -10.271 -10.891 -11.271 
18.18182 3.827 -0.624 -5.299 -7.577 -8.785 -9.446 -10.260 -10.927 -11.258 
18.38384 4.175 -0.964 -5.125 -7.453 -8.703 -9.314 -10.177 -10.835 -11.206 
18.58586 4.290 -1.167 -4.964 -7.367 -8.629 -9.312 -10.147 -10.837 -11.191 
18.78788 4.390 -0.914 -4.978 -7.239 -8.538 -9.213 -10.077 -10.782 -11.147 
18.98990 4.741 -0.736 -4.918 -7.284 -8.526 -9.165 -10.046 -10.736 -11.166 
19.19192 4.867 -0.448 -4.640 -7.116 -8.426 -8.998 -9.918 -10.653 -11.084 
19.39394 4.838 -1.027 -4.557 -7.084 -8.357 -9.011 -9.921 -10.646 -11.068 
19.59596 4.871 -0.812 -4.527 -6.952 -8.217 -8.956 -9.800 -10.537 -10.998 
19.79798 3.489 -0.288 -4.295 -6.819 -8.137 -8.805 -9.757 -10.476 -10.835 
20.00000 5.338 -0.374 -4.121 -6.598 -7.867 -8.740 -9.567 -10.290 -10.723 
