# t[days] u g r i z y J H K
0.20202 -11.909 -12.678 -13.936 -13.607 -12.540 -10.014 -10.227 -5.176 -4.793 
0.40404 -14.417 -14.877 -15.047 -14.706 -14.567 -14.352 -13.601 -12.900 -12.704 
0.60606 -14.959 -15.761 -16.113 -15.923 -15.541 -15.648 -15.209 -14.470 -15.227 
0.80808 -14.845 -16.004 -16.498 -16.295 -16.086 -16.025 -15.750 -15.270 -15.042 
1.01010 -14.867 -16.268 -16.701 -16.589 -16.303 -16.431 -15.915 -15.783 -15.131 
1.21212 -14.541 -16.204 -16.686 -16.625 -16.579 -16.548 -16.300 -15.968 -15.766 
1.41414 -14.342 -16.020 -16.528 -16.690 -16.675 -16.565 -16.465 -16.165 -15.611 
1.61616 -13.994 -15.800 -16.358 -16.510 -16.664 -16.589 -16.397 -16.166 -15.701 
1.81818 -13.450 -15.477 -16.112 -16.363 -16.408 -16.374 -16.427 -16.082 -15.736 
2.02020 -13.036 -15.140 -15.852 -16.141 -16.309 -16.365 -16.264 -15.977 -15.862 
2.22222 -12.440 -14.755 -15.555 -15.850 -16.133 -16.230 -16.142 -15.987 -15.578 
2.42424 -12.060 -14.432 -15.322 -15.644 -15.965 -16.182 -15.988 -15.894 -15.657 
2.62626 -11.680 -14.184 -14.944 -15.431 -15.822 -15.880 -15.898 -15.718 -15.587 
2.82828 -11.538 -13.840 -14.774 -15.309 -15.652 -15.837 -15.761 -15.677 -15.557 
3.03030 -11.226 -13.579 -14.578 -15.083 -15.525 -15.712 -15.716 -15.634 -15.411 
3.23232 -10.953 -13.347 -14.290 -14.939 -15.362 -15.631 -15.567 -15.429 -15.268 
3.43434 -10.690 -12.989 -14.090 -14.724 -15.248 -15.428 -15.456 -15.421 -15.433 
3.63636 -10.453 -12.947 -13.937 -14.698 -15.080 -15.336 -15.346 -15.353 -15.115 
3.83838 -10.412 -12.659 -13.801 -14.576 -14.982 -15.212 -15.258 -15.263 -15.042 
4.04040 -10.242 -12.602 -13.652 -14.353 -14.868 -15.142 -15.207 -15.252 -15.099 
4.24242 -9.883 -12.312 -13.628 -14.201 -14.661 -14.990 -15.022 -15.104 -14.981 
4.44444 -9.811 -12.187 -13.372 -14.056 -14.618 -14.884 -14.932 -15.061 -14.923 
4.64646 -9.615 -11.872 -13.209 -13.973 -14.598 -14.852 -14.906 -15.004 -14.869 
4.84848 -9.350 -11.897 -13.184 -13.891 -14.469 -14.684 -14.796 -14.823 -14.862 
5.05051 -9.118 -11.596 -12.814 -13.795 -14.313 -14.496 -14.780 -14.808 -14.823 
5.25253 -9.003 -11.388 -12.778 -13.651 -14.181 -14.467 -14.621 -14.736 -14.870 
5.45455 -8.716 -11.262 -12.618 -13.404 -14.137 -14.349 -14.554 -14.701 -14.591 
5.65657 -8.551 -11.071 -12.464 -13.401 -13.954 -14.239 -14.521 -14.611 -14.575 
5.85859 -8.318 -10.868 -12.312 -13.329 -13.933 -14.144 -14.343 -14.474 -14.478 
6.06061 -8.083 -10.750 -12.237 -13.168 -13.795 -14.098 -14.287 -14.423 -14.518 
6.26263 -8.078 -10.699 -12.196 -13.001 -13.688 -13.980 -14.185 -14.232 -14.417 
6.46465 -7.654 -10.377 -11.976 -12.892 -13.642 -13.912 -14.098 -14.226 -14.316 
6.66667 -7.650 -10.201 -11.825 -12.837 -13.457 -13.823 -13.957 -14.077 -14.260 
6.86869 -7.149 -10.028 -11.699 -12.714 -13.418 -13.656 -13.971 -14.035 -14.261 
7.07071 -7.313 -9.956 -11.574 -12.662 -13.257 -13.587 -13.774 -13.923 -14.049 
7.27273 -6.804 -9.675 -11.403 -12.566 -13.167 -13.557 -13.694 -13.868 -14.024 
7.47475 -6.583 -9.701 -11.292 -12.434 -13.099 -13.439 -13.714 -13.777 -13.962 
7.67677 -6.477 -9.261 -11.198 -12.297 -13.055 -13.384 -13.553 -13.844 -13.864 
7.87879 -6.400 -9.231 -11.056 -12.270 -12.889 -13.284 -13.543 -13.683 -13.868 
8.08081 -6.265 -9.211 -10.960 -12.142 -12.846 -13.195 -13.437 -13.545 -13.794 
8.28283 -6.060 -8.933 -10.759 -11.989 -12.750 -13.109 -13.344 -13.569 -13.635 
8.48485 -6.030 -8.804 -10.673 -11.917 -12.650 -12.996 -13.303 -13.495 -13.656 
8.68687 -5.574 -8.713 -10.604 -11.822 -12.539 -12.944 -13.171 -13.469 -13.705 
8.88889 -5.396 -8.379 -10.400 -11.702 -12.455 -12.825 -13.150 -13.372 -13.527 
9.09091 -5.054 -8.495 -10.346 -11.637 -12.392 -12.792 -13.090 -13.294 -13.456 
9.29293 -5.065 -8.201 -10.336 -11.580 -12.350 -12.660 -13.092 -13.310 -13.441 
9.49495 -5.101 -8.104 -10.199 -11.445 -12.209 -12.701 -12.983 -13.246 -13.393 
9.69697 -4.899 -7.799 -9.973 -11.396 -12.193 -12.526 -12.852 -13.131 -13.290 
9.89899 -4.203 -7.878 -9.959 -11.315 -12.098 -12.510 -12.815 -13.077 -13.284 
10.10101 -4.266 -7.548 -9.793 -11.217 -12.028 -12.461 -12.761 -13.057 -13.181 
10.30303 -4.375 -7.393 -9.576 -11.044 -11.867 -12.409 -12.726 -13.001 -13.150 
10.50505 -4.468 -7.386 -9.583 -11.021 -11.905 -12.313 -12.722 -12.898 -13.069 
10.70707 -3.653 -7.339 -9.457 -10.983 -11.873 -12.335 -12.594 -12.922 -13.084 
10.90909 -3.587 -6.800 -9.377 -10.877 -11.743 -12.249 -12.597 -12.860 -13.011 
11.11111 -3.628 -6.777 -9.254 -10.749 -11.743 -12.141 -12.597 -12.833 -12.958 
11.31313 -3.279 -6.754 -9.193 -10.741 -11.632 -12.162 -12.534 -12.778 -12.977 
11.51515 -2.675 -6.454 -8.985 -10.702 -11.574 -12.115 -12.499 -12.778 -12.943 
11.71717 -2.862 -6.658 -9.031 -10.602 -11.574 -12.083 -12.450 -12.737 -12.959 
11.91919 -2.822 -6.170 -8.810 -10.557 -11.481 -11.935 -12.403 -12.674 -12.883 
12.12121 -2.295 -6.162 -8.714 -10.416 -11.447 -11.968 -12.390 -12.646 -12.824 
12.32323 -2.193 -6.102 -8.635 -10.410 -11.404 -11.915 -12.326 -12.638 -12.812 
12.52525 -2.103 -5.858 -8.675 -10.315 -11.368 -11.792 -12.309 -12.609 -12.788 
12.72727 -1.977 -5.852 -8.454 -10.221 -11.250 -11.773 -12.266 -12.573 -12.760 
12.92929 -2.078 -5.792 -8.431 -10.131 -11.194 -11.807 -12.250 -12.556 -12.741 
13.13131 -1.782 -5.611 -8.240 -10.214 -11.123 -11.752 -12.208 -12.496 -12.645 
13.33333 -1.665 -5.449 -8.216 -10.123 -11.136 -11.629 -12.214 -12.525 -12.681 
13.53535 -1.627 -5.478 -8.131 -10.056 -11.140 -11.623 -12.145 -12.489 -12.669 
13.73737 -1.517 -5.145 -8.055 -9.965 -11.013 -11.615 -12.084 -12.474 -12.653 
13.93939 -1.347 -5.185 -8.020 -9.843 -10.962 -11.533 -12.043 -12.439 -12.617 
14.14141 -1.237 -5.087 -8.015 -9.846 -10.925 -11.483 -12.055 -12.413 -12.633 
14.34343 -1.194 -4.544 -7.728 -9.801 -10.861 -11.472 -11.980 -12.394 -12.553 
14.54545 -0.971 -4.466 -7.704 -9.706 -10.887 -11.470 -11.958 -12.378 -12.600 
14.74747 -0.760 -4.323 -7.684 -9.650 -10.781 -11.346 -11.955 -12.334 -12.531 
14.94949 -0.674 -4.520 -7.521 -9.634 -10.722 -11.371 -11.872 -12.326 -12.460 
15.15152 -0.546 -4.491 -7.404 -9.517 -10.641 -11.209 -11.890 -12.233 -12.452 
15.35354 -0.417 -4.012 -7.362 -9.492 -10.584 -11.184 -11.812 -12.235 -12.509 
15.55556 -0.195 -3.896 -7.467 -9.324 -10.530 -11.174 -11.754 -12.232 -12.408 
15.75758 -0.030 -4.106 -7.175 -9.274 -10.523 -11.180 -11.785 -12.193 -12.437 
15.95960 0.020 -3.979 -7.140 -9.270 -10.389 -11.131 -11.769 -12.152 -12.415 
16.16162 0.199 -3.699 -7.118 -9.281 -10.322 -11.031 -11.748 -12.149 -12.372 
16.36364 0.375 -3.910 -6.940 -9.107 -10.301 -11.020 -11.665 -12.062 -12.323 
16.56566 0.579 -3.384 -6.785 -9.049 -10.250 -10.914 -11.578 -12.005 -12.329 
16.76768 0.654 -3.257 -6.759 -8.878 -10.217 -10.807 -11.521 -12.006 -12.298 
16.96970 0.783 -3.153 -6.700 -8.908 -10.086 -10.807 -11.500 -12.029 -12.266 
17.17172 0.838 -2.777 -6.506 -8.738 -10.057 -10.723 -11.470 -11.993 -12.291 
17.37374 1.029 -2.714 -6.585 -8.782 -9.967 -10.695 -11.427 -11.937 -12.185 
17.57576 1.167 -3.368 -6.519 -8.713 -9.956 -10.564 -11.355 -11.942 -12.175 
17.77778 1.301 -3.087 -6.267 -8.659 -9.869 -10.541 -11.304 -11.863 -12.156 
17.97980 1.417 -2.373 -6.173 -8.493 -9.763 -10.516 -11.248 -11.819 -12.142 
18.18182 1.600 -2.807 -6.163 -8.457 -9.749 -10.486 -11.223 -11.770 -12.076 
18.38384 1.780 -2.382 -6.174 -8.298 -9.656 -10.359 -11.165 -11.747 -12.071 
18.58586 1.849 -1.880 -5.878 -8.269 -9.627 -10.382 -11.108 -11.735 -11.985 
18.78788 1.892 -2.061 -5.872 -8.202 -9.596 -10.290 -11.088 -11.688 -12.015 
18.98990 2.138 -1.762 -5.891 -8.180 -9.513 -10.279 -11.027 -11.639 -11.977 
19.19192 2.276 -1.607 -5.605 -7.973 -9.452 -10.196 -10.994 -11.568 -11.915 
19.39394 2.450 -2.434 -5.671 -8.045 -9.306 -10.147 -10.940 -11.541 -11.824 
19.59596 2.536 -1.155 -5.322 -7.878 -9.319 -10.003 -10.858 -11.473 -11.847 
19.79798 2.567 -1.239 -5.091 -7.634 -9.151 -9.891 -10.739 -11.359 -11.700 
20.00000 2.501 -1.306 -5.147 -7.520 -9.031 -9.787 -10.647 -11.255 -11.588 
