# t[days] u g r i z y J H K
0.20202 -10.987 -11.429 -12.765 -12.728 -11.877 -11.724 -12.490 -9.773 -3.752 
0.40404 -14.290 -14.875 -15.033 -14.175 -14.958 -14.223 -13.586 -12.992 -9.409 
0.60606 -14.320 -15.359 -15.664 -15.646 -15.632 -15.244 -13.950 -15.165 -12.819 
0.80808 -14.622 -15.789 -16.186 -16.113 -16.105 -15.656 -15.153 -14.923 -14.552 
1.01010 -14.811 -15.871 -16.420 -16.215 -15.790 -16.292 -15.601 -15.065 -14.874 
1.21212 -14.313 -15.930 -16.275 -16.422 -16.153 -15.973 -15.901 -15.828 -15.123 
1.41414 -13.850 -15.832 -16.247 -16.350 -16.389 -16.236 -16.099 -16.277 -15.365 
1.61616 -13.887 -15.866 -16.213 -16.311 -16.413 -16.408 -16.194 -16.040 -15.693 
1.81818 -13.374 -15.491 -16.201 -16.395 -16.319 -16.290 -15.998 -15.832 -15.597 
2.02020 -12.920 -15.261 -15.958 -16.111 -16.150 -16.286 -16.029 -16.140 -16.212 
2.22222 -12.646 -15.038 -15.798 -16.101 -16.121 -16.157 -16.091 -15.951 -15.911 
2.42424 -12.601 -14.775 -15.558 -15.901 -15.858 -16.077 -16.052 -16.054 -15.925 
2.62626 -12.251 -14.504 -15.375 -15.644 -15.895 -16.168 -15.863 -16.114 -15.842 
2.82828 -11.710 -14.306 -14.987 -15.383 -15.683 -15.884 -15.921 -15.893 -15.756 
3.03030 -11.782 -13.964 -14.771 -15.179 -15.517 -15.576 -15.698 -15.759 -15.728 
3.23232 -11.588 -13.699 -14.541 -15.057 -15.521 -15.559 -15.488 -15.654 -15.770 
3.43434 -11.341 -13.366 -14.221 -14.839 -15.254 -15.434 -15.507 -15.601 -15.422 
3.63636 -10.996 -12.949 -14.006 -14.676 -15.137 -15.188 -15.320 -15.468 -15.497 
3.83838 -11.061 -12.701 -13.889 -14.471 -15.031 -15.285 -15.352 -15.339 -15.366 
4.04040 -10.742 -12.626 -13.640 -14.254 -14.882 -15.017 -15.093 -15.256 -15.338 
4.24242 -10.616 -12.381 -13.389 -14.119 -14.730 -14.968 -15.196 -15.251 -15.151 
4.44444 -10.400 -12.235 -13.418 -13.954 -14.593 -14.919 -14.960 -15.157 -15.110 
4.64646 -10.339 -12.068 -13.043 -13.860 -14.521 -14.905 -14.971 -15.195 -14.993 
4.84848 -10.194 -11.829 -13.116 -13.864 -14.441 -14.679 -14.888 -15.098 -15.018 
5.05051 -9.930 -11.642 -12.886 -13.623 -14.290 -14.533 -14.720 -14.994 -14.847 
5.25253 -9.742 -11.426 -12.746 -13.522 -14.099 -14.491 -14.599 -14.842 -15.013 
5.45455 -9.682 -11.377 -12.617 -13.523 -14.081 -14.553 -14.645 -14.798 -14.800 
5.65657 -9.474 -11.461 -12.529 -13.457 -14.102 -14.437 -14.586 -14.611 -14.727 
5.85859 -9.659 -11.499 -12.511 -13.296 -13.939 -14.386 -14.489 -14.645 -14.573 
6.06061 -9.262 -11.105 -12.176 -13.256 -13.908 -14.258 -14.389 -14.586 -14.771 
6.26263 -9.222 -11.061 -12.511 -13.281 -13.942 -14.230 -14.301 -14.452 -14.742 
6.46465 -9.451 -11.210 -12.476 -13.308 -13.945 -14.107 -14.239 -14.373 -14.473 
6.66667 -9.025 -11.054 -12.083 -13.045 -13.741 -14.061 -14.178 -14.390 -14.577 
6.86869 -8.908 -11.013 -12.052 -12.973 -13.707 -14.011 -14.107 -14.264 -14.497 
7.07071 -8.531 -10.816 -11.912 -12.865 -13.507 -13.947 -14.107 -14.169 -14.403 
7.27273 -8.396 -10.551 -11.800 -12.809 -13.544 -13.817 -14.062 -14.243 -14.214 
7.47475 -8.133 -10.186 -11.602 -12.719 -13.409 -13.808 -13.979 -14.161 -14.177 
7.67677 -8.300 -9.975 -11.431 -12.691 -13.368 -13.692 -13.936 -14.180 -14.149 
7.87879 -8.018 -10.060 -11.503 -12.600 -13.338 -13.689 -13.793 -14.031 -14.105 
8.08081 -7.753 -9.790 -11.255 -12.373 -13.236 -13.637 -13.808 -13.933 -14.222 
8.28283 -7.882 -10.326 -11.315 -12.474 -13.163 -13.413 -13.730 -13.844 -14.029 
8.48485 -7.915 -9.420 -11.110 -12.374 -13.052 -13.501 -13.760 -13.776 -13.906 
8.68687 -7.321 -9.668 -10.990 -12.275 -13.076 -13.397 -13.649 -13.814 -13.892 
8.88889 -7.285 -9.527 -11.078 -12.214 -12.992 -13.488 -13.645 -13.756 -13.900 
9.09091 -6.984 -9.241 -11.022 -12.105 -12.918 -13.370 -13.565 -13.689 -13.905 
9.29293 -6.742 -9.090 -10.941 -12.044 -12.791 -13.300 -13.508 -13.682 -13.871 
9.49495 -6.725 -9.158 -10.649 -12.025 -12.852 -13.201 -13.474 -13.610 -13.853 
9.69697 -6.663 -8.916 -10.657 -11.953 -12.712 -13.250 -13.419 -13.552 -13.754 
9.89899 -6.429 -8.962 -10.565 -11.796 -12.639 -13.070 -13.300 -13.528 -13.769 
10.10101 -6.241 -8.515 -10.695 -11.827 -12.669 -13.107 -13.253 -13.492 -13.589 
10.30303 -6.208 -8.476 -10.398 -11.712 -12.572 -12.899 -13.272 -13.350 -13.477 
10.50505 -6.020 -8.547 -10.305 -11.677 -12.506 -12.971 -13.217 -13.370 -13.580 
10.70707 -5.784 -8.421 -10.182 -11.505 -12.405 -12.853 -13.102 -13.341 -13.475 
10.90909 -5.659 -8.257 -10.049 -11.450 -12.376 -12.844 -13.142 -13.359 -13.477 
11.11111 -5.592 -8.023 -10.154 -11.329 -12.303 -12.768 -13.094 -13.298 -13.492 
11.31313 -5.286 -7.878 -9.957 -11.374 -12.248 -12.631 -13.040 -13.238 -13.414 
11.51515 -5.199 -7.823 -9.683 -11.321 -12.176 -12.613 -12.929 -13.139 -13.355 
11.71717 -5.143 -7.643 -9.655 -11.197 -12.112 -12.556 -12.937 -13.104 -13.307 
11.91919 -4.861 -7.718 -9.584 -11.001 -12.044 -12.563 -12.890 -13.050 -13.216 
12.12121 -4.815 -7.573 -9.720 -11.022 -11.974 -12.423 -12.767 -12.991 -13.216 
12.32323 -4.645 -7.118 -9.375 -10.837 -11.863 -12.445 -12.817 -13.033 -13.152 
12.52525 -4.599 -7.110 -9.462 -10.972 -11.857 -12.356 -12.759 -12.935 -13.122 
12.72727 -4.482 -7.165 -9.339 -10.835 -11.765 -12.259 -12.679 -12.971 -13.039 
12.92929 -4.221 -7.076 -9.227 -10.831 -11.743 -12.273 -12.639 -12.864 -12.986 
13.13131 -3.965 -6.794 -9.006 -10.645 -11.591 -12.148 -12.665 -12.800 -12.959 
13.33333 -3.918 -6.473 -8.924 -10.535 -11.586 -12.244 -12.591 -12.817 -12.992 
13.53535 -3.802 -6.587 -8.914 -10.564 -11.512 -12.126 -12.553 -12.763 -12.858 
13.73737 -3.686 -6.389 -8.807 -10.338 -11.465 -12.037 -12.469 -12.789 -12.885 
13.93939 -3.576 -6.737 -8.650 -10.449 -11.504 -12.013 -12.508 -12.691 -12.895 
14.14141 -3.465 -6.669 -8.615 -10.312 -11.384 -11.967 -12.377 -12.680 -12.809 
14.34343 -3.491 -6.021 -8.706 -10.236 -11.295 -11.837 -12.395 -12.642 -12.843 
14.54545 -3.352 -5.822 -8.595 -10.177 -11.274 -11.817 -12.318 -12.731 -12.742 
14.74747 -4.101 -6.010 -8.502 -10.152 -11.184 -11.798 -12.315 -12.584 -12.761 
14.94949 -3.069 -5.923 -8.343 -10.045 -11.110 -11.693 -12.290 -12.651 -12.699 
15.15152 -2.971 -5.703 -8.094 -10.028 -11.079 -11.735 -12.266 -12.546 -12.646 
15.35354 -2.884 -5.616 -8.124 -9.974 -11.047 -11.647 -12.185 -12.584 -12.660 
15.55556 -2.681 -5.345 -8.073 -9.899 -10.982 -11.581 -12.167 -12.604 -12.668 
15.75758 -2.566 -5.748 -8.079 -9.830 -10.885 -11.522 -12.162 -12.487 -12.704 
15.95960 -2.571 -5.274 -7.897 -9.763 -10.943 -11.554 -12.086 -12.572 -12.613 
16.16162 -2.318 -5.177 -7.822 -9.702 -10.836 -11.498 -12.033 -12.583 -12.622 
16.36364 -2.139 -5.038 -7.645 -9.641 -10.836 -11.423 -12.025 -12.500 -12.584 
16.56566 -2.038 -5.078 -7.500 -9.560 -10.706 -11.396 -11.999 -12.396 -12.560 
16.76768 -1.865 -4.931 -7.499 -9.465 -10.688 -11.405 -12.004 -12.389 -12.556 
16.96970 -1.774 -4.777 -7.515 -9.464 -10.713 -11.325 -12.021 -12.462 -12.566 
17.17172 -1.661 -4.719 -7.399 -9.452 -10.537 -11.377 -11.979 -12.348 -12.558 
17.37374 -1.502 -4.293 -7.292 -9.371 -10.581 -11.209 -11.926 -12.346 -12.505 
17.57576 -1.349 -4.374 -7.208 -9.331 -10.581 -11.185 -11.876 -12.341 -12.501 
17.77778 -1.291 -4.692 -7.084 -9.215 -10.594 -11.197 -11.870 -12.335 -12.519 
17.97980 -1.258 -4.302 -7.080 -9.167 -10.474 -11.169 -11.808 -12.284 -12.479 
18.18182 -1.034 -4.071 -6.858 -9.187 -10.403 -11.201 -11.814 -12.243 -12.486 
18.38384 -1.034 -4.241 -6.816 -9.018 -10.359 -11.028 -11.883 -12.263 -12.512 
18.58586 -0.851 -4.372 -6.927 -8.961 -10.316 -11.097 -11.786 -12.257 -12.480 
18.78788 -0.855 -3.833 -6.900 -8.853 -10.529 -11.036 -11.743 -12.273 -12.518 
18.98990 -0.741 -4.084 -6.830 -8.905 -10.243 -10.922 -11.711 -12.254 -12.448 
19.19192 -0.638 -3.521 -6.671 -8.782 -10.255 -10.858 -11.710 -12.157 -12.333 
19.39394 -0.609 -3.935 -6.544 -8.774 -10.064 -10.884 -11.611 -12.198 -12.343 
19.59596 -0.560 -3.556 -6.283 -8.681 -10.023 -10.773 -11.532 -12.110 -12.321 
19.79798 -0.474 -3.791 -6.342 -8.533 -9.917 -10.702 -11.529 -12.007 -12.251 
20.00000 -0.370 -3.050 -6.193 -8.417 -9.815 -10.757 -11.460 -11.939 -12.254 
