# t[days] u g r i z y J H K
0.20202 -10.988 -11.282 -11.096 -10.106 -11.239 -10.911 -7.320 -6.074 -3.876 
0.40404 -13.475 -14.258 -14.878 -14.620 -14.081 -13.437 -13.267 -13.181 -9.568 
0.60606 -14.452 -15.374 -15.663 -15.270 -15.253 -14.839 -14.788 -14.272 -13.785 
0.80808 -14.519 -15.579 -15.981 -15.995 -15.545 -15.831 -15.530 -14.687 -13.674 
1.01010 -14.377 -15.746 -16.203 -16.072 -15.989 -15.922 -15.602 -15.253 -15.304 
1.21212 -14.305 -15.763 -16.197 -16.234 -16.204 -16.005 -15.873 -15.746 -15.171 
1.41414 -13.900 -15.627 -16.190 -16.181 -16.288 -16.310 -15.921 -15.607 -15.601 
1.61616 -13.522 -15.481 -16.087 -16.140 -16.171 -16.124 -16.054 -15.866 -15.594 
1.81818 -13.260 -15.187 -15.957 -16.074 -16.139 -15.892 -15.971 -15.927 -15.532 
2.02020 -12.435 -14.935 -15.678 -15.823 -15.860 -15.818 -15.928 -15.934 -15.511 
2.22222 -12.297 -14.598 -15.421 -15.628 -15.740 -15.873 -15.716 -15.706 -15.442 
2.42424 -11.985 -14.226 -15.083 -15.398 -15.523 -15.800 -15.629 -15.759 -15.410 
2.62626 -11.579 -13.912 -14.779 -15.156 -15.354 -15.437 -15.540 -15.515 -15.436 
2.82828 -11.213 -13.573 -14.447 -14.789 -15.088 -15.239 -15.385 -15.560 -15.156 
3.03030 -10.998 -13.161 -14.273 -14.615 -14.979 -15.210 -15.131 -15.310 -15.291 
3.23232 -10.909 -13.026 -13.852 -14.535 -14.892 -15.096 -15.009 -15.236 -14.967 
3.43434 -10.657 -12.599 -13.719 -14.188 -14.724 -14.820 -15.076 -15.105 -15.017 
3.63636 -10.385 -12.451 -13.533 -14.150 -14.615 -14.792 -14.878 -15.070 -14.922 
3.83838 -10.289 -12.253 -13.394 -14.082 -14.469 -14.574 -14.756 -15.014 -14.976 
4.04040 -9.999 -11.885 -13.063 -13.876 -14.461 -14.621 -14.615 -14.881 -14.906 
4.24242 -10.002 -11.967 -13.018 -13.744 -14.219 -14.570 -14.635 -14.832 -14.792 
4.44444 -9.697 -11.710 -12.763 -13.593 -14.177 -14.304 -14.523 -14.741 -14.888 
4.64646 -9.393 -11.508 -12.706 -13.391 -14.045 -14.323 -14.489 -14.552 -14.683 
4.84848 -9.348 -11.546 -12.625 -13.481 -14.051 -14.299 -14.367 -14.533 -14.721 
5.05051 -9.126 -11.335 -12.467 -13.184 -13.784 -14.106 -14.346 -14.480 -14.507 
5.25253 -8.997 -11.095 -12.153 -13.066 -13.770 -14.121 -14.223 -14.418 -14.524 
5.45455 -8.932 -11.030 -12.075 -13.042 -13.627 -13.886 -14.087 -14.272 -14.512 
5.65657 -8.611 -10.623 -11.849 -12.883 -13.611 -13.936 -14.096 -14.243 -14.333 
5.85859 -8.665 -10.677 -12.077 -12.857 -13.475 -13.862 -13.988 -14.131 -14.370 
6.06061 -8.373 -10.504 -11.740 -12.636 -13.343 -13.722 -13.971 -14.083 -14.208 
6.26263 -8.308 -10.347 -11.487 -12.594 -13.349 -13.630 -13.810 -14.020 -14.156 
6.46465 -7.963 -9.931 -11.440 -12.404 -13.172 -13.540 -13.772 -13.975 -14.261 
6.66667 -7.899 -9.900 -11.422 -12.429 -13.141 -13.492 -13.741 -13.892 -14.033 
6.86869 -7.574 -9.801 -11.159 -12.328 -13.064 -13.357 -13.669 -13.801 -14.010 
7.07071 -7.530 -9.572 -11.102 -12.144 -12.951 -13.344 -13.585 -13.830 -13.994 
7.27273 -7.210 -9.609 -11.000 -12.241 -12.899 -13.246 -13.458 -13.611 -13.941 
7.47475 -7.195 -9.459 -11.078 -12.110 -12.830 -13.214 -13.389 -13.672 -13.897 
7.67677 -6.985 -9.310 -10.916 -12.028 -12.755 -13.197 -13.372 -13.574 -13.723 
7.87879 -6.749 -9.070 -10.797 -11.913 -12.717 -13.148 -13.351 -13.548 -13.708 
8.08081 -6.510 -8.991 -10.542 -11.815 -12.624 -12.997 -13.294 -13.463 -13.682 
8.28283 -6.302 -8.839 -10.601 -11.766 -12.615 -12.942 -13.193 -13.407 -13.570 
8.48485 -6.473 -8.690 -10.376 -11.696 -12.485 -12.918 -13.133 -13.340 -13.557 
8.68687 -6.083 -8.361 -10.285 -11.612 -12.530 -12.809 -13.112 -13.353 -13.503 
8.88889 -5.928 -8.432 -10.330 -11.601 -12.358 -12.730 -13.026 -13.289 -13.346 
9.09091 -5.806 -8.617 -10.239 -11.493 -12.307 -12.705 -12.951 -13.177 -13.425 
9.29293 -6.103 -8.124 -10.108 -11.379 -12.227 -12.616 -12.889 -13.193 -13.385 
9.49495 -5.497 -7.998 -9.964 -11.256 -12.151 -12.530 -12.905 -13.096 -13.274 
9.69697 -5.111 -7.993 -9.888 -11.208 -12.105 -12.460 -12.717 -13.059 -13.193 
9.89899 -5.109 -7.749 -9.680 -11.128 -11.951 -12.482 -12.739 -12.942 -13.106 
10.10101 -4.793 -7.395 -9.607 -10.928 -11.929 -12.397 -12.652 -12.868 -13.200 
10.30303 -5.088 -7.224 -9.507 -10.898 -11.865 -12.308 -12.648 -12.874 -13.028 
10.50505 -4.790 -7.491 -9.595 -10.917 -11.826 -12.260 -12.601 -12.850 -13.027 
10.70707 -4.333 -7.189 -9.335 -10.813 -11.729 -12.179 -12.541 -12.797 -12.940 
10.90909 -4.348 -7.012 -9.366 -10.786 -11.665 -12.130 -12.545 -12.793 -12.897 
11.11111 -4.064 -7.043 -9.058 -10.628 -11.558 -12.059 -12.481 -12.707 -12.876 
11.31313 -4.326 -6.820 -9.094 -10.594 -11.589 -12.006 -12.405 -12.645 -12.789 
11.51515 -3.793 -6.801 -8.935 -10.669 -11.507 -12.004 -12.355 -12.656 -12.741 
11.71717 -3.900 -6.473 -8.894 -10.530 -11.478 -11.925 -12.425 -12.611 -12.789 
11.91919 -3.472 -6.454 -8.852 -10.407 -11.431 -11.929 -12.322 -12.581 -12.711 
12.12121 -3.491 -6.329 -8.767 -10.373 -11.369 -11.838 -12.230 -12.490 -12.749 
12.32323 -3.138 -6.373 -8.603 -10.241 -11.314 -11.837 -12.230 -12.508 -12.626 
12.52525 -2.980 -5.946 -8.639 -10.190 -11.193 -11.795 -12.156 -12.546 -12.661 
12.72727 -2.812 -5.810 -8.470 -10.142 -11.213 -11.666 -12.151 -12.458 -12.768 
12.92929 -2.868 -5.720 -8.257 -10.062 -11.098 -11.662 -12.126 -12.405 -12.608 
13.13131 -2.589 -5.859 -8.214 -10.037 -11.114 -11.598 -12.131 -12.343 -12.583 
13.33333 -2.412 -5.479 -8.130 -9.943 -11.066 -11.537 -12.071 -12.362 -12.541 
13.53535 -2.233 -5.360 -8.022 -9.880 -10.959 -11.525 -12.017 -12.357 -12.471 
13.73737 -2.119 -5.228 -8.033 -9.848 -10.916 -11.469 -12.022 -12.335 -12.614 
13.93939 -1.997 -5.267 -7.905 -9.858 -10.881 -11.408 -11.975 -12.266 -12.502 
14.14141 -1.866 -5.371 -7.923 -9.641 -10.778 -11.406 -11.917 -12.307 -12.421 
14.34343 -1.768 -4.888 -7.802 -9.605 -10.714 -11.393 -11.902 -12.289 -12.439 
14.54545 -1.799 -5.348 -7.890 -9.602 -10.769 -11.404 -11.964 -12.250 -12.412 
14.74747 -1.809 -4.963 -7.540 -9.499 -10.661 -11.276 -11.874 -12.262 -12.392 
14.94949 -1.530 -4.484 -7.529 -9.484 -10.615 -11.214 -11.779 -12.160 -12.397 
15.15152 -1.595 -4.363 -7.435 -9.326 -10.553 -11.273 -11.782 -12.152 -12.344 
15.35354 -1.381 -4.354 -7.314 -9.370 -10.570 -11.161 -11.775 -12.196 -12.310 
15.55556 -1.287 -4.281 -7.450 -9.282 -10.497 -11.084 -11.715 -12.166 -12.405 
15.75758 -1.230 -4.492 -7.264 -9.246 -10.438 -11.118 -11.716 -12.088 -12.309 
15.95960 -1.113 -4.250 -7.087 -9.126 -10.378 -11.112 -11.697 -12.107 -12.322 
16.16162 -1.043 -4.272 -7.116 -9.239 -10.424 -11.049 -11.654 -12.126 -12.317 
16.36364 -0.959 -3.600 -7.148 -8.970 -10.258 -11.002 -11.582 -12.123 -12.260 
16.56566 -0.856 -4.013 -6.731 -9.010 -10.293 -10.974 -11.616 -12.047 -12.292 
16.76768 -0.917 -3.677 -6.632 -8.893 -10.278 -10.911 -11.570 -12.037 -12.249 
16.96970 -0.667 -3.625 -6.720 -8.905 -10.184 -10.955 -11.576 -12.078 -12.226 
17.17172 -0.530 -3.684 -6.812 -8.764 -10.149 -10.821 -11.532 -12.016 -12.242 
17.37374 -0.399 -3.302 -6.550 -8.812 -10.075 -10.801 -11.482 -11.992 -12.256 
17.57576 -0.286 -3.400 -6.581 -8.733 -10.020 -10.730 -11.458 -11.947 -12.158 
17.77778 -0.160 -2.709 -6.270 -8.669 -9.912 -10.742 -11.435 -11.923 -12.178 
17.97980 -0.096 -3.013 -6.205 -8.578 -9.999 -10.686 -11.443 -11.912 -12.194 
18.18182 0.027 -3.068 -6.469 -8.459 -9.895 -10.613 -11.369 -11.884 -12.200 
18.38384 0.180 -3.091 -6.056 -8.458 -9.857 -10.578 -11.334 -11.853 -12.135 
18.58586 0.363 -2.343 -6.060 -8.499 -9.843 -10.591 -11.341 -11.859 -12.146 
18.78788 0.498 -2.717 -6.020 -8.349 -9.670 -10.523 -11.294 -11.859 -12.099 
18.98990 0.569 -2.917 -5.837 -8.269 -9.631 -10.524 -11.230 -11.834 -12.117 
19.19192 0.777 -2.623 -5.707 -8.235 -9.685 -10.406 -11.217 -11.753 -12.070 
19.39394 0.889 -2.938 -5.793 -8.171 -9.624 -10.398 -11.154 -11.698 -12.024 
19.59596 1.013 -2.671 -5.625 -7.996 -9.517 -10.288 -11.095 -11.624 -11.913 
19.79798 1.185 -1.875 -5.354 -7.818 -9.360 -10.197 -10.960 -11.527 -11.908 
20.00000 1.238 -1.777 -5.166 -7.772 -9.273 -10.077 -10.886 -11.465 -11.858 
