# t[days] u g r i z y J H K
0.20202 -11.887 -12.209 -10.500 -12.194 -9.257 -8.296 -10.774 -4.571 -12.377 
0.40404 -13.876 -14.880 -15.472 -14.686 -14.743 -14.281 -13.969 -12.926 -11.725 
0.60606 -15.110 -15.992 -16.114 -16.013 -15.522 -15.453 -15.508 -14.477 -13.478 
0.80808 -15.296 -16.201 -16.518 -16.296 -15.943 -15.679 -15.692 -15.213 -14.986 
1.01010 -15.045 -16.388 -16.494 -16.392 -16.200 -16.180 -15.973 -15.755 -15.225 
1.21212 -14.716 -15.993 -16.074 -16.279 -16.165 -16.001 -16.008 -15.804 -15.419 
1.41414 -14.312 -15.907 -16.183 -16.167 -16.260 -16.092 -16.094 -15.899 -15.724 
1.61616 -14.019 -15.725 -16.163 -16.303 -16.490 -16.508 -16.387 -16.040 -15.858 
1.81818 -13.893 -15.935 -16.297 -16.518 -16.707 -16.758 -16.562 -16.539 -16.293 
2.02020 -13.663 -15.751 -16.220 -16.457 -16.618 -16.756 -16.758 -16.750 -16.356 
2.22222 -13.561 -15.642 -16.213 -16.473 -16.563 -16.693 -16.673 -16.749 -16.378 
2.42424 -13.529 -15.397 -16.043 -16.395 -16.596 -16.699 -16.687 -16.473 -16.534 
2.62626 -13.138 -15.093 -15.697 -16.163 -16.453 -16.675 -16.661 -16.530 -16.368 
2.82828 -13.174 -15.036 -15.596 -16.082 -16.361 -16.591 -16.534 -16.471 -16.429 
3.03030 -12.986 -14.529 -15.388 -15.937 -16.349 -16.466 -16.521 -16.353 -16.449 
3.23232 -12.785 -14.635 -15.407 -15.787 -16.147 -16.312 -16.244 -16.462 -16.143 
3.43434 -12.645 -14.351 -15.069 -15.687 -16.116 -16.236 -16.227 -16.153 -16.229 
3.63636 -12.417 -14.000 -14.846 -15.477 -15.909 -16.145 -16.269 -16.077 -16.090 
3.83838 -12.245 -13.938 -14.675 -15.297 -15.803 -16.021 -16.073 -16.053 -15.856 
4.04040 -12.162 -13.636 -14.610 -15.156 -15.582 -15.923 -15.917 -15.783 -15.792 
4.24242 -11.863 -13.144 -14.345 -15.017 -15.487 -15.666 -15.864 -15.880 -15.911 
4.44444 -11.896 -13.227 -14.264 -14.935 -15.462 -15.774 -15.813 -15.855 -15.753 
4.64646 -11.862 -13.504 -14.337 -14.945 -15.334 -15.610 -15.639 -15.594 -15.730 
4.84848 -11.512 -12.980 -13.989 -14.685 -15.276 -15.600 -15.561 -15.664 -15.682 
5.05051 -11.353 -12.865 -14.029 -14.613 -15.163 -15.425 -15.424 -15.556 -15.498 
5.25253 -11.114 -12.742 -13.770 -14.498 -15.027 -15.340 -15.328 -15.477 -15.355 
5.45455 -10.870 -12.680 -13.591 -14.432 -14.957 -15.188 -15.336 -15.337 -15.361 
5.65657 -10.977 -12.640 -13.448 -14.321 -14.788 -15.105 -15.198 -15.292 -15.268 
5.85859 -10.820 -12.651 -13.533 -14.299 -14.781 -15.088 -15.053 -15.225 -15.315 
6.06061 -10.571 -12.313 -13.364 -14.070 -14.579 -14.934 -15.166 -15.042 -15.358 
6.26263 -10.145 -12.031 -13.102 -13.960 -14.540 -14.865 -15.029 -14.985 -15.064 
6.46465 -10.359 -12.125 -13.094 -13.856 -14.517 -14.739 -14.923 -14.955 -14.921 
6.66667 -10.027 -11.705 -12.965 -13.777 -14.389 -14.817 -14.820 -14.806 -14.725 
6.86869 -10.268 -11.637 -12.850 -13.703 -14.298 -14.680 -14.726 -14.738 -14.912 
7.07071 -9.620 -11.815 -12.818 -13.698 -14.159 -14.478 -14.711 -14.747 -14.684 
7.27273 -9.415 -11.561 -12.759 -13.653 -14.274 -14.517 -14.605 -14.517 -14.580 
7.47475 -10.016 -11.472 -12.538 -13.478 -14.222 -14.512 -14.452 -14.620 -14.550 
7.67677 -9.146 -11.292 -12.519 -13.468 -14.110 -14.418 -14.508 -14.544 -14.597 
7.87879 -8.993 -11.131 -12.464 -13.340 -13.959 -14.328 -14.424 -14.476 -14.555 
8.08081 -8.501 -10.963 -12.446 -13.189 -13.895 -14.274 -14.376 -14.368 -14.505 
8.28283 -8.534 -10.727 -12.198 -13.164 -13.888 -14.214 -14.423 -14.288 -14.156 
8.48485 -8.491 -10.891 -12.280 -13.082 -13.706 -14.150 -14.208 -14.301 -14.308 
8.68687 -8.205 -10.773 -12.112 -13.031 -13.706 -14.022 -14.213 -14.244 -14.329 
8.88889 -8.446 -10.663 -12.131 -13.009 -13.643 -14.024 -14.137 -14.194 -14.161 
9.09091 -8.237 -10.436 -11.874 -12.887 -13.521 -13.927 -14.108 -14.045 -14.091 
9.29293 -7.567 -10.170 -11.779 -12.798 -13.427 -13.799 -14.000 -14.063 -13.943 
9.49495 -7.583 -10.057 -11.569 -12.706 -13.512 -13.717 -13.993 -13.963 -14.055 
9.69697 -7.383 -10.050 -11.587 -12.831 -13.343 -13.732 -13.935 -13.971 -13.904 
9.89899 -7.740 -9.844 -11.499 -12.587 -13.235 -13.648 -13.891 -13.865 -13.761 
10.10101 -7.028 -9.568 -11.141 -12.448 -13.129 -13.508 -13.822 -13.852 -13.741 
10.30303 -6.732 -9.309 -11.161 -12.392 -13.181 -13.519 -13.734 -13.862 -13.797 
10.50505 -6.376 -9.225 -11.067 -12.244 -13.041 -13.431 -13.769 -13.773 -13.652 
10.70707 -5.935 -9.322 -11.158 -12.230 -13.003 -13.386 -13.629 -13.717 -13.837 
10.90909 -6.843 -9.154 -10.971 -12.150 -12.866 -13.258 -13.591 -13.681 -13.537 
11.11111 -5.621 -8.918 -10.785 -12.021 -12.833 -13.260 -13.495 -13.592 -13.722 
11.31313 -6.136 -8.818 -10.868 -11.940 -12.722 -13.184 -13.494 -13.611 -13.571 
11.51515 -5.616 -9.035 -10.445 -11.875 -12.711 -13.085 -13.388 -13.556 -13.587 
11.71717 -5.644 -8.326 -10.431 -11.720 -12.682 -13.005 -13.341 -13.534 -13.521 
11.91919 -5.511 -8.551 -10.402 -11.698 -12.461 -12.919 -13.325 -13.464 -13.458 
12.12121 -4.960 -8.283 -10.206 -11.721 -12.469 -12.921 -13.222 -13.426 -13.400 
12.32323 -5.105 -8.014 -10.175 -11.546 -12.347 -12.912 -13.207 -13.303 -13.358 
12.52525 -4.566 -7.778 -10.074 -11.400 -12.263 -12.705 -13.153 -13.301 -13.269 
12.72727 -5.199 -8.004 -9.855 -11.373 -12.273 -12.783 -13.017 -13.278 -13.276 
12.92929 -4.475 -7.591 -9.830 -11.291 -12.192 -12.669 -13.074 -13.196 -13.194 
13.13131 -4.069 -7.269 -9.811 -11.229 -12.081 -12.638 -13.008 -13.257 -13.164 
13.33333 -4.300 -7.301 -9.620 -11.141 -11.991 -12.525 -12.968 -13.163 -13.255 
13.53535 -4.119 -7.446 -9.511 -11.072 -11.939 -12.469 -12.978 -13.159 -13.148 
13.73737 -3.856 -7.162 -9.477 -10.928 -11.872 -12.433 -12.865 -13.101 -13.203 
13.93939 -3.756 -7.162 -9.259 -10.927 -11.888 -12.443 -12.838 -13.131 -13.079 
14.14141 -3.852 -7.043 -9.210 -10.804 -11.827 -12.300 -12.793 -13.011 -13.035 
14.34343 -3.390 -6.969 -9.168 -10.755 -11.693 -12.315 -12.711 -12.971 -13.138 
14.54545 -3.287 -6.698 -9.049 -10.655 -11.638 -12.252 -12.675 -12.978 -13.034 
14.74747 -3.154 -6.568 -8.856 -10.706 -11.589 -12.163 -12.728 -12.975 -12.963 
14.94949 -3.039 -6.424 -8.901 -10.465 -11.602 -12.058 -12.618 -12.959 -12.968 
15.15152 -3.016 -6.518 -9.042 -10.435 -11.516 -12.083 -12.565 -12.914 -12.935 
15.35354 -2.884 -6.041 -8.935 -10.448 -11.594 -12.010 -12.556 -12.891 -12.952 
15.55556 -2.660 -6.069 -8.558 -10.400 -11.335 -11.986 -12.587 -12.833 -12.940 
15.75758 -2.885 -5.910 -8.445 -10.164 -11.264 -11.906 -12.505 -12.830 -12.955 
15.95960 -2.628 -5.805 -8.428 -10.227 -11.232 -11.830 -12.457 -12.805 -12.934 
16.16162 -2.783 -5.730 -8.432 -10.109 -11.178 -11.812 -12.441 -12.769 -12.854 
16.36364 -2.155 -6.087 -8.080 -10.022 -11.237 -11.790 -12.390 -12.696 -12.843 
16.56566 -2.021 -5.773 -8.141 -9.977 -11.177 -11.704 -12.381 -12.738 -12.832 
16.76768 -1.908 -5.537 -8.044 -9.968 -11.014 -11.714 -12.393 -12.721 -12.820 
16.96970 -1.795 -5.178 -8.102 -9.903 -11.038 -11.688 -12.359 -12.726 -12.852 
17.17172 -1.922 -5.427 -7.977 -9.813 -11.089 -11.611 -12.296 -12.681 -12.778 
17.37374 -1.570 -5.243 -7.934 -9.816 -10.986 -11.622 -12.292 -12.619 -12.806 
17.57576 -1.388 -4.934 -8.010 -9.712 -10.843 -11.555 -12.238 -12.646 -12.765 
17.77778 -1.339 -4.737 -7.658 -9.681 -10.845 -11.545 -12.231 -12.621 -12.733 
17.97980 -1.531 -4.692 -7.633 -9.462 -10.832 -11.493 -12.205 -12.609 -12.768 
18.18182 -1.079 -4.145 -7.536 -9.511 -10.689 -11.477 -12.161 -12.602 -12.756 
18.38384 -1.004 -4.683 -7.369 -9.616 -10.727 -11.379 -12.095 -12.572 -12.758 
18.58586 -0.921 -4.658 -7.242 -9.381 -10.649 -11.343 -12.097 -12.557 -12.701 
18.78788 -0.898 -4.813 -7.157 -9.356 -10.722 -11.516 -12.037 -12.529 -12.732 
18.98990 -0.763 -3.971 -7.219 -9.247 -10.565 -11.288 -12.032 -12.489 -12.750 
19.19192 -0.657 -3.988 -7.054 -9.119 -10.463 -11.236 -12.001 -12.460 -12.615 
19.39394 -0.562 -3.782 -6.849 -9.114 -10.396 -11.195 -11.942 -12.446 -12.631 
19.59596 -0.505 -4.284 -6.694 -8.958 -10.411 -11.098 -11.866 -12.337 -12.565 
19.79798 -0.401 -3.734 -6.795 -8.898 -10.256 -11.041 -11.834 -12.316 -12.504 
20.00000 -0.389 -3.883 -6.505 -8.794 -10.193 -10.974 -11.744 -12.269 -12.514 
