# t[days] u g r i z y J H K
0.20202 -11.084 -11.369 -11.943 -11.801 -13.282 -11.656 -10.489 -9.835 -8.338 
0.40404 -13.435 -14.035 -14.234 -14.428 -13.831 -14.021 -12.722 -12.247 -11.592 
0.60606 -13.834 -14.589 -14.874 -14.979 -14.806 -14.654 -14.050 -13.399 -13.120 
0.80808 -13.743 -14.616 -14.988 -15.027 -15.049 -14.817 -14.409 -13.976 -13.900 
1.01010 -13.189 -14.415 -14.911 -15.040 -14.871 -14.835 -14.427 -14.210 -13.719 
1.21212 -12.609 -14.057 -14.718 -14.807 -14.810 -14.729 -14.376 -14.154 -13.844 
1.41414 -12.109 -13.696 -14.469 -14.688 -14.625 -14.617 -14.401 -14.023 -13.865 
1.61616 -11.554 -13.377 -14.119 -14.414 -14.528 -14.510 -14.254 -14.078 -13.767 
1.81818 -11.092 -12.973 -13.864 -14.191 -14.303 -14.198 -14.218 -14.117 -14.044 
2.02020 -10.324 -12.534 -13.543 -13.974 -14.118 -14.140 -14.013 -13.977 -13.980 
2.22222 -9.933 -12.159 -13.223 -13.694 -13.829 -13.920 -13.969 -13.980 -13.727 
2.42424 -9.584 -11.827 -12.741 -13.383 -13.586 -13.621 -13.763 -13.834 -13.782 
2.62626 -8.969 -11.391 -12.508 -13.174 -13.506 -13.618 -13.646 -13.704 -13.617 
2.82828 -8.513 -11.115 -12.213 -12.947 -13.294 -13.399 -13.445 -13.691 -13.705 
3.03030 -8.422 -10.726 -12.042 -12.749 -13.130 -13.298 -13.412 -13.571 -13.662 
3.23232 -7.997 -10.504 -11.853 -12.586 -12.984 -13.066 -13.290 -13.470 -13.644 
3.43434 -7.253 -10.213 -11.409 -12.330 -12.729 -12.873 -13.199 -13.407 -13.545 
3.63636 -6.997 -9.722 -11.231 -12.110 -12.495 -12.718 -12.976 -13.306 -13.349 
3.83838 -6.756 -9.560 -11.089 -11.944 -12.402 -12.572 -12.873 -13.274 -13.336 
4.04040 -6.215 -9.244 -10.905 -11.713 -12.200 -12.459 -12.779 -13.129 -13.345 
4.24242 -6.011 -8.998 -10.547 -11.568 -12.172 -12.297 -12.714 -13.023 -13.260 
4.44444 -5.652 -8.634 -10.321 -11.372 -11.873 -12.045 -12.518 -12.926 -13.193 
4.64646 -5.589 -8.343 -10.135 -11.155 -11.757 -12.009 -12.396 -12.860 -13.038 
4.84848 -5.087 -8.144 -9.980 -10.940 -11.632 -11.821 -12.294 -12.696 -13.007 
5.05051 -4.593 -7.807 -9.796 -10.946 -11.508 -11.818 -12.129 -12.680 -12.842 
5.25253 -4.522 -7.671 -9.434 -10.666 -11.330 -11.663 -11.978 -12.486 -12.811 
5.45455 -4.456 -7.416 -9.250 -10.528 -11.232 -11.493 -11.906 -12.445 -12.768 
5.65657 -3.860 -7.184 -9.182 -10.469 -11.124 -11.408 -11.870 -12.368 -12.771 
5.85859 -3.519 -6.848 -9.019 -10.359 -11.021 -11.379 -11.786 -12.330 -12.603 
6.06061 -3.678 -6.622 -8.964 -10.113 -10.953 -11.288 -11.694 -12.240 -12.553 
6.26263 -3.058 -6.348 -8.650 -10.165 -10.844 -11.145 -11.608 -12.140 -12.527 
6.46465 -2.903 -6.403 -8.472 -10.016 -10.721 -11.037 -11.528 -12.068 -12.478 
6.66667 -2.537 -6.118 -8.188 -9.758 -10.727 -10.945 -11.391 -12.037 -12.378 
6.86869 -2.277 -5.374 -8.007 -9.723 -10.585 -10.817 -11.306 -11.886 -12.350 
7.07071 -2.897 -5.738 -8.097 -9.658 -10.491 -10.799 -11.290 -11.880 -12.277 
7.27273 -2.321 -5.153 -7.926 -9.413 -10.318 -10.732 -11.215 -11.816 -12.287 
7.47475 -2.292 -5.445 -7.746 -9.465 -10.329 -10.610 -11.125 -11.723 -12.217 
7.67677 -1.904 -5.011 -7.629 -9.333 -10.193 -10.574 -11.055 -11.674 -12.080 
7.87879 -1.047 -4.725 -7.329 -9.223 -10.156 -10.456 -11.021 -11.570 -12.040 
8.08081 -0.770 -4.734 -7.336 -9.158 -10.105 -10.321 -10.920 -11.511 -11.972 
8.28283 -0.552 -4.468 -7.190 -9.026 -9.939 -10.328 -10.833 -11.442 -11.963 
8.48485 -0.243 -3.972 -7.076 -8.863 -9.845 -10.183 -10.713 -11.371 -11.863 
8.68687 -0.065 -3.899 -6.950 -8.816 -9.697 -10.157 -10.653 -11.302 -11.861 
8.88889 0.147 -3.495 -6.867 -8.708 -9.704 -10.030 -10.608 -11.255 -11.768 
9.09091 0.326 -3.374 -6.505 -8.686 -9.577 -9.993 -10.560 -11.197 -11.691 
9.29293 0.679 -3.328 -6.676 -8.572 -9.560 -9.951 -10.448 -11.093 -11.666 
9.49495 0.919 -3.634 -6.345 -8.470 -9.434 -9.763 -10.379 -11.079 -11.612 
9.69697 1.092 -3.693 -6.288 -8.310 -9.401 -9.713 -10.379 -10.979 -11.475 
9.89899 1.314 -2.416 -6.495 -8.216 -9.332 -9.682 -10.282 -10.885 -11.459 
10.10101 1.424 -3.249 -6.132 -8.271 -9.138 -9.576 -10.185 -10.861 -11.442 
10.30303 1.905 -2.387 -5.976 -8.115 -9.050 -9.436 -10.080 -10.732 -11.343 
10.50505 1.643 -2.171 -5.950 -7.999 -8.989 -9.274 -10.061 -10.766 -11.325 
10.70707 2.204 -2.724 -5.823 -7.838 -8.929 -9.275 -10.004 -10.653 -11.237 
10.90909 2.477 -1.964 -5.957 -7.867 -8.872 -9.220 -9.938 -10.629 -11.212 
11.11111 2.678 -1.869 -5.741 -7.812 -8.714 -9.217 -9.841 -10.533 -11.163 
11.31313 2.543 -2.699 -5.469 -7.665 -8.714 -9.130 -9.752 -10.552 -11.111 
11.51515 2.970 -2.219 -5.478 -7.611 -8.592 -9.052 -9.780 -10.437 -10.989 
11.71717 3.329 -1.973 -5.259 -7.537 -8.532 -8.990 -9.609 -10.389 -10.965 
11.91919 3.455 -2.046 -5.289 -7.429 -8.479 -8.955 -9.600 -10.405 -10.885 
12.12121 3.760 -1.634 -5.307 -7.332 -8.386 -8.842 -9.467 -10.244 -10.883 
12.32323 3.993 -1.794 -5.107 -7.252 -8.191 -8.789 -9.489 -10.237 -10.807 
12.52525 3.949 -1.780 -5.090 -7.134 -8.255 -8.705 -9.426 -10.178 -10.813 
12.72727 3.649 -0.974 -5.111 -7.024 -8.152 -8.618 -9.360 -10.163 -10.808 
12.92929 4.342 -0.749 -4.781 -6.991 -8.151 -8.651 -9.355 -10.070 -10.696 
13.13131 4.463 -1.132 -4.923 -6.940 -8.070 -8.443 -9.184 -10.037 -10.651 
13.33333 4.709 -1.389 -4.799 -6.958 -7.984 -8.363 -9.251 -9.925 -10.612 
13.53535 5.109 -1.216 -4.668 -6.876 -7.987 -8.356 -9.147 -9.912 -10.601 
13.73737 5.309 -0.707 -4.566 -6.784 -7.853 -8.383 -9.159 -9.933 -10.575 
13.93939 5.515 -0.845 -4.466 -6.631 -7.691 -8.140 -9.093 -9.883 -10.446 
14.14141 5.727 -1.457 -4.521 -6.596 -7.772 -8.144 -8.921 -9.815 -10.469 
14.34343 5.508 -0.915 -4.464 -6.436 -7.671 -8.152 -8.954 -9.738 -10.346 
14.54545 5.861 -0.499 -4.273 -6.442 -7.658 -8.155 -8.854 -9.724 -10.358 
14.74747 6.367 -0.125 -4.157 -6.420 -7.404 -7.996 -8.828 -9.737 -10.374 
14.94949 6.285 -0.378 -4.303 -6.308 -7.321 -7.947 -8.715 -9.681 -10.301 
15.15152 6.966 -1.586 -4.250 -6.182 -7.304 -7.878 -8.755 -9.654 -10.255 
15.35354 6.829 -0.207 -4.078 -6.169 -7.358 -7.690 -8.636 -9.561 -10.153 
15.55556 7.431 -0.592 -4.037 -6.013 -7.284 -7.775 -8.664 -9.510 -10.220 
15.75758 6.924 -0.155 -4.037 -6.168 -7.139 -7.567 -8.510 -9.476 -10.123 
15.95960 6.720 0.107 -3.771 -6.066 -6.977 -7.548 -8.428 -9.382 -10.122 
16.16162 6.946 0.340 -3.602 -5.871 -7.014 -7.590 -8.448 -9.401 -10.036 
16.36364 6.988 0.025 -3.495 -5.815 -6.923 -7.365 -8.475 -9.328 -9.980 
16.56566 6.315 -0.215 -3.571 -5.690 -6.749 -7.437 -8.324 -9.288 -10.064 
16.76768 7.307 0.956 -3.452 -5.784 -6.791 -7.306 -8.437 -9.260 -9.942 
16.96970 9.664 0.774 -3.580 -5.589 -6.652 -7.149 -8.308 -9.206 -9.884 
17.17172 8.471 0.948 -3.487 -5.592 -6.548 -7.187 -8.289 -9.251 -9.992 
17.37374 8.982 1.017 -3.370 -5.359 -6.822 -7.190 -8.178 -9.088 -9.853 
17.57576 8.535 0.880 -3.217 -5.534 -6.538 -7.133 -8.061 -9.030 -9.845 
17.77778 8.515 0.982 -3.192 -5.326 -6.529 -7.133 -8.054 -9.022 -9.821 
17.97980 10.479 1.273 -3.079 -5.388 -6.364 -6.850 -7.954 -9.005 -9.757 
18.18182 13.846 1.908 -2.836 -5.119 -6.406 -6.822 -7.984 -9.079 -9.679 
18.38384 8.444 1.773 -2.646 -5.201 -6.332 -6.708 -7.974 -8.918 -9.705 
18.58586 10.853 1.489 -3.024 -4.874 -6.158 -6.803 -7.880 -8.909 -9.561 
18.78788 9.405 1.466 -2.891 -4.828 -6.046 -6.709 -7.859 -8.855 -9.612 
18.98990 6.728 2.062 -2.652 -5.040 -6.166 -6.552 -7.702 -8.865 -9.555 
19.19192 9.079 1.494 -2.587 -4.639 -6.083 -6.567 -7.600 -8.812 -9.500 
19.39394 6.060 2.237 -2.432 -4.745 -5.879 -6.508 -7.684 -8.820 -9.473 
19.59596 10.512 1.240 -2.233 -4.424 -5.802 -6.711 -7.604 -8.631 -9.378 
19.79798 8.873 2.001 -2.182 -4.648 -5.782 -6.215 -7.475 -8.473 -9.262 
20.00000 7.843 2.536 -1.864 -4.374 -5.503 -6.158 -7.289 -8.352 -9.093 
