# t[days] u g r i z y J H K
0.20202 -11.925 -12.070 -12.734 -13.588 -11.327 -12.618 -11.220 -10.414 -13.541 
0.40404 -13.720 -14.474 -14.214 -14.513 -13.724 -14.314 -14.370 -13.352 -13.527 
0.60606 -14.361 -14.969 -15.117 -14.533 -15.626 -14.650 -13.990 -14.387 -13.312 
0.80808 -14.016 -14.607 -14.656 -15.070 -14.624 -14.064 -14.118 -14.059 -14.585 
1.01010 -13.606 -14.523 -14.677 -14.565 -14.448 -14.471 -13.858 -12.730 -15.022 
1.21212 -13.188 -14.091 -14.561 -14.926 -14.240 -14.630 -15.041 -13.940 -4.686 
1.41414 -12.712 -14.348 -14.494 -14.818 -14.813 -14.787 -14.824 -14.437 -14.465 
1.61616 -14.028 -15.171 -15.311 -15.812 -15.760 -15.770 -15.439 -15.482 -14.834 
1.81818 -14.558 -15.608 -15.872 -16.193 -16.149 -16.332 -16.267 -16.313 -16.070 
2.02020 -14.532 -15.668 -16.041 -16.506 -16.762 -16.688 -16.318 -16.308 -16.190 
2.22222 -14.521 -15.566 -16.077 -16.405 -16.636 -16.751 -16.414 -16.561 -15.906 
2.42424 -14.374 -15.479 -15.993 -16.317 -16.491 -16.643 -16.564 -16.557 -16.364 
2.62626 -14.373 -15.177 -15.763 -16.273 -16.417 -16.657 -16.597 -16.415 -16.371 
2.82828 -14.182 -14.874 -15.651 -16.073 -16.304 -16.521 -16.432 -16.417 -16.163 
3.03030 -14.219 -14.607 -15.253 -15.770 -16.070 -16.401 -16.234 -16.103 -16.304 
3.23232 -13.934 -14.542 -15.099 -15.569 -16.093 -16.258 -16.196 -16.233 -16.035 
3.43434 -13.722 -14.345 -15.034 -15.582 -15.975 -16.277 -16.075 -15.917 -15.754 
3.63636 -13.721 -14.099 -14.851 -15.315 -15.809 -16.035 -15.975 -16.008 -15.726 
3.83838 -13.258 -14.178 -14.734 -15.266 -15.741 -16.035 -15.898 -15.721 -15.780 
4.04040 -13.505 -14.179 -14.581 -15.154 -15.642 -15.809 -15.743 -15.688 -15.704 
4.24242 -13.556 -14.160 -14.719 -14.964 -15.484 -15.823 -15.486 -15.484 -15.634 
4.44444 -13.130 -13.986 -14.472 -14.955 -15.329 -15.704 -15.531 -15.715 -15.333 
4.64646 -12.881 -13.720 -14.377 -14.889 -15.236 -15.609 -15.445 -15.352 -15.146 
4.84848 -12.424 -13.564 -14.346 -14.748 -15.189 -15.348 -15.369 -15.207 -15.121 
5.05051 -12.305 -13.365 -14.110 -14.714 -15.063 -15.343 -15.271 -15.034 -15.099 
5.25253 -12.103 -13.274 -14.021 -14.535 -15.047 -15.309 -15.171 -15.121 -14.927 
5.45455 -11.949 -13.300 -13.986 -14.501 -14.935 -15.213 -15.039 -15.020 -14.876 
5.65657 -11.850 -13.031 -13.880 -14.433 -14.692 -15.140 -15.053 -14.840 -14.835 
5.85859 -11.755 -12.807 -13.657 -14.364 -14.757 -15.011 -14.961 -14.861 -14.557 
6.06061 -11.218 -12.569 -13.598 -14.179 -14.654 -15.034 -14.953 -14.765 -14.572 
6.26263 -10.832 -12.267 -13.376 -14.028 -14.475 -14.825 -14.893 -14.649 -14.456 
6.46465 -10.730 -12.650 -13.334 -14.011 -14.536 -14.790 -14.691 -14.530 -14.374 
6.66667 -10.931 -12.382 -13.165 -14.019 -14.353 -14.797 -14.722 -14.503 -14.427 
6.86869 -10.585 -12.035 -13.037 -13.870 -14.262 -14.575 -14.651 -14.507 -14.471 
7.07071 -10.375 -11.952 -12.984 -13.763 -14.424 -14.590 -14.637 -14.471 -14.107 
7.27273 -9.736 -11.860 -12.966 -13.721 -14.218 -14.548 -14.547 -14.434 -14.175 
7.47475 -9.606 -11.646 -12.744 -13.616 -14.245 -14.441 -14.485 -14.368 -14.053 
7.67677 -9.204 -11.460 -12.745 -13.557 -14.052 -14.303 -14.413 -14.266 -14.097 
7.87879 -9.233 -11.478 -12.582 -13.431 -14.098 -14.399 -14.352 -14.212 -14.123 
8.08081 -9.386 -11.316 -12.513 -13.368 -13.999 -14.347 -14.328 -14.222 -13.760 
8.28283 -9.098 -11.199 -12.289 -13.304 -14.006 -14.201 -14.224 -14.143 -14.009 
8.48485 -8.991 -11.073 -12.394 -13.186 -13.763 -14.255 -14.179 -14.195 -13.915 
8.68687 -8.202 -10.915 -12.313 -13.123 -13.691 -14.057 -14.142 -14.103 -13.797 
8.88889 -8.608 -10.585 -12.012 -13.045 -13.570 -13.906 -14.197 -14.004 -13.996 
9.09091 -8.431 -10.458 -11.821 -12.850 -13.470 -13.909 -14.051 -13.955 -13.741 
9.29293 -8.151 -10.586 -11.766 -12.853 -13.370 -13.843 -14.059 -13.891 -13.663 
9.49495 -7.825 -10.230 -11.776 -12.695 -13.398 -13.909 -13.875 -13.819 -13.719 
9.69697 -7.565 -10.458 -11.626 -12.628 -13.348 -13.722 -13.857 -13.882 -13.609 
9.89899 -7.286 -9.726 -11.535 -12.527 -13.303 -13.677 -13.773 -13.833 -13.620 
10.10101 -7.165 -9.683 -11.422 -12.414 -13.117 -13.614 -13.788 -13.731 -13.639 
10.30303 -7.263 -9.588 -11.190 -12.440 -13.137 -13.489 -13.712 -13.747 -13.568 
10.50505 -6.755 -9.357 -11.141 -12.278 -13.004 -13.333 -13.583 -13.671 -13.468 
10.70707 -6.264 -9.259 -11.179 -12.378 -12.898 -13.417 -13.620 -13.801 -13.512 
10.90909 -6.644 -9.127 -11.034 -12.112 -12.936 -13.411 -13.549 -13.567 -13.567 
11.11111 -6.460 -9.178 -10.790 -12.056 -12.834 -13.184 -13.584 -13.607 -13.372 
11.31313 -6.037 -9.084 -10.759 -11.937 -12.694 -13.177 -13.434 -13.501 -13.505 
11.51515 -6.027 -8.704 -10.585 -11.851 -12.679 -13.105 -13.467 -13.588 -13.364 
11.71717 -5.251 -8.535 -10.558 -11.720 -12.540 -12.994 -13.382 -13.423 -13.314 
11.91919 -5.961 -8.431 -10.356 -11.682 -12.505 -12.998 -13.289 -13.412 -13.402 
12.12121 -4.984 -8.377 -10.509 -11.588 -12.403 -12.937 -13.235 -13.311 -13.393 
12.32323 -4.620 -8.367 -10.153 -11.685 -12.409 -12.804 -13.172 -13.342 -13.263 
12.52525 -4.711 -8.052 -10.066 -11.465 -12.304 -12.768 -13.186 -13.259 -13.237 
12.72727 -4.620 -7.967 -9.988 -11.459 -12.212 -12.691 -13.012 -13.230 -13.198 
12.92929 -4.900 -7.862 -9.812 -11.301 -12.126 -12.626 -13.039 -13.229 -13.150 
13.13131 -4.771 -7.381 -9.771 -11.163 -12.047 -12.557 -12.977 -13.161 -13.091 
13.33333 -4.071 -7.425 -9.650 -11.096 -12.059 -12.516 -12.958 -13.117 -13.183 
13.53535 -4.201 -7.295 -9.537 -11.049 -11.954 -12.423 -12.873 -13.072 -13.115 
13.73737 -4.035 -7.119 -9.472 -10.930 -11.886 -12.466 -12.833 -13.058 -13.057 
13.93939 -4.134 -6.882 -9.455 -10.850 -11.775 -12.354 -12.823 -13.027 -13.059 
14.14141 -3.475 -6.950 -9.319 -10.854 -11.830 -12.284 -12.815 -13.026 -12.995 
14.34343 -3.422 -6.995 -9.124 -10.755 -11.675 -12.246 -12.708 -12.965 -12.943 
14.54545 -3.549 -6.716 -9.119 -10.683 -11.673 -12.225 -12.706 -12.985 -12.986 
14.74747 -3.287 -6.557 -9.000 -10.631 -11.643 -12.164 -12.648 -12.967 -12.987 
14.94949 -3.038 -6.378 -9.018 -10.591 -11.524 -12.111 -12.647 -12.941 -12.900 
15.15152 -3.055 -6.492 -8.830 -10.463 -11.529 -12.061 -12.609 -12.874 -12.964 
15.35354 -2.911 -6.184 -8.982 -10.395 -11.465 -12.019 -12.544 -12.817 -12.877 
15.55556 -2.675 -5.861 -8.701 -10.415 -11.349 -11.928 -12.513 -12.864 -12.796 
15.75758 -2.589 -6.114 -8.562 -10.298 -11.313 -12.002 -12.441 -12.823 -12.833 
15.95960 -2.410 -6.008 -8.502 -10.247 -11.236 -11.889 -12.436 -12.759 -12.854 
16.16162 -2.333 -5.881 -8.367 -10.133 -11.203 -11.767 -12.387 -12.718 -12.791 
16.36364 -2.163 -5.537 -8.246 -10.105 -11.131 -11.779 -12.455 -12.715 -12.827 
16.56566 -1.999 -5.561 -8.183 -9.972 -11.121 -11.686 -12.344 -12.728 -12.800 
16.76768 -1.824 -5.588 -8.140 -9.968 -11.030 -11.653 -12.311 -12.730 -12.760 
16.96970 -1.781 -5.124 -7.943 -9.925 -11.050 -11.712 -12.310 -12.680 -12.811 
17.17172 -2.452 -5.378 -7.773 -9.876 -11.034 -11.575 -12.278 -12.732 -12.771 
17.37374 -1.519 -5.073 -7.891 -9.714 -10.865 -11.595 -12.263 -12.628 -12.797 
17.57576 -1.347 -4.824 -7.822 -9.669 -10.903 -11.488 -12.205 -12.638 -12.770 
17.77778 -1.276 -5.162 -7.764 -9.710 -10.846 -11.549 -12.206 -12.607 -12.763 
17.97980 -1.077 -4.546 -7.489 -9.617 -10.806 -11.537 -12.157 -12.622 -12.738 
18.18182 -1.042 -4.417 -7.494 -9.477 -10.684 -11.479 -12.103 -12.559 -12.701 
18.38384 -0.909 -5.117 -7.330 -9.544 -10.653 -11.456 -12.103 -12.597 -12.721 
18.58586 -0.794 -4.203 -7.305 -9.365 -10.789 -11.377 -12.060 -12.539 -12.698 
18.78788 -1.545 -4.364 -7.314 -9.296 -10.607 -11.373 -12.053 -12.512 -12.649 
18.98990 -0.662 -4.461 -6.982 -9.335 -10.665 -11.250 -11.990 -12.496 -12.683 
19.19192 -0.628 -3.518 -7.152 -9.224 -10.490 -11.251 -12.036 -12.469 -12.598 
19.39394 -0.799 -3.789 -7.003 -9.132 -10.381 -11.166 -11.931 -12.412 -12.595 
19.59596 -0.482 -3.696 -6.522 -9.029 -10.375 -11.122 -11.848 -12.382 -12.582 
19.79798 -0.429 -3.430 -6.660 -8.826 -10.247 -11.100 -11.819 -12.281 -12.529 
20.00000 -0.359 -3.557 -6.453 -8.810 -10.094 -10.904 -11.695 -12.183 -12.430 
