# t[days] u g r i z y J H K
0.20202 -12.858 -13.500 -13.840 -13.176 -11.500 -9.621 -11.066 -4.208 -5.657 
0.40404 -14.731 -15.102 -15.377 -14.649 -14.651 -14.696 -13.496 -13.863 -12.903 
0.60606 -15.133 -16.019 -16.289 -16.062 -15.729 -15.758 -15.325 -14.861 -15.122 
0.80808 -15.165 -16.299 -16.677 -16.508 -16.267 -16.460 -15.981 -15.480 -15.186 
1.01010 -15.102 -16.523 -16.897 -16.763 -16.564 -16.545 -16.213 -16.055 -15.271 
1.21212 -14.901 -16.436 -16.888 -16.794 -16.716 -16.730 -16.458 -16.048 -15.612 
1.41414 -14.538 -16.262 -16.724 -16.836 -16.859 -16.776 -16.679 -16.409 -16.098 
1.61616 -14.112 -15.983 -16.564 -16.704 -16.808 -16.819 -16.618 -16.477 -16.009 
1.81818 -13.645 -15.681 -16.325 -16.524 -16.686 -16.714 -16.618 -16.253 -16.047 
2.02020 -13.215 -15.333 -16.064 -16.364 -16.568 -16.542 -16.557 -16.247 -16.067 
2.22222 -12.635 -15.001 -15.776 -16.104 -16.391 -16.448 -16.326 -16.198 -15.921 
2.42424 -12.361 -14.675 -15.513 -15.884 -16.167 -16.267 -16.248 -16.104 -15.787 
2.62626 -11.957 -14.410 -15.277 -15.717 -16.019 -16.149 -16.143 -15.941 -15.760 
2.82828 -11.615 -14.001 -14.952 -15.468 -15.866 -16.050 -15.959 -15.873 -15.678 
3.03030 -11.361 -13.748 -14.768 -15.353 -15.730 -15.982 -15.969 -15.791 -15.495 
3.23232 -11.105 -13.540 -14.604 -15.195 -15.638 -15.822 -15.795 -15.747 -15.525 
3.43434 -10.762 -13.262 -14.343 -15.041 -15.455 -15.718 -15.706 -15.654 -15.386 
3.63636 -10.684 -13.163 -14.257 -14.960 -15.368 -15.529 -15.576 -15.480 -15.283 
3.83838 -10.598 -12.981 -14.008 -14.744 -15.189 -15.479 -15.490 -15.408 -15.333 
4.04040 -10.246 -12.791 -13.905 -14.644 -15.095 -15.291 -15.450 -15.404 -15.281 
4.24242 -10.117 -12.566 -13.808 -14.512 -14.919 -15.202 -15.264 -15.362 -15.189 
4.44444 -10.000 -12.415 -13.658 -14.339 -14.896 -15.177 -15.199 -15.238 -15.160 
4.64646 -9.759 -12.203 -13.482 -14.236 -14.755 -15.050 -15.117 -15.186 -15.143 
4.84848 -9.452 -12.087 -13.388 -14.171 -14.648 -14.842 -14.984 -15.049 -14.988 
5.05051 -9.287 -11.824 -13.088 -13.972 -14.464 -14.753 -14.896 -14.994 -14.938 
5.25253 -8.997 -11.666 -12.985 -13.856 -14.391 -14.686 -14.830 -14.910 -14.917 
5.45455 -9.064 -11.521 -12.947 -13.743 -14.328 -14.544 -14.779 -14.846 -14.819 
5.65657 -8.702 -11.416 -12.701 -13.620 -14.170 -14.461 -14.660 -14.777 -14.750 
5.85859 -8.520 -10.995 -12.552 -13.565 -14.086 -14.376 -14.589 -14.716 -14.699 
6.06061 -8.358 -11.106 -12.540 -13.423 -14.010 -14.286 -14.429 -14.563 -14.669 
6.26263 -8.153 -10.977 -12.451 -13.271 -13.927 -14.121 -14.329 -14.443 -14.564 
6.46465 -7.815 -10.571 -12.241 -13.118 -13.738 -14.017 -14.274 -14.357 -14.532 
6.66667 -7.842 -10.400 -12.039 -13.068 -13.648 -14.003 -14.185 -14.365 -14.344 
6.86869 -7.566 -10.299 -11.881 -12.886 -13.549 -13.831 -14.065 -14.248 -14.334 
7.07071 -7.380 -10.086 -11.801 -12.862 -13.455 -13.780 -14.042 -14.094 -14.276 
7.27273 -7.042 -10.058 -11.668 -12.785 -13.366 -13.702 -13.899 -14.044 -14.105 
7.47475 -6.864 -9.683 -11.485 -12.608 -13.282 -13.614 -13.788 -13.979 -14.200 
7.67677 -6.789 -9.752 -11.378 -12.483 -13.163 -13.524 -13.736 -13.881 -14.078 
7.87879 -6.649 -9.536 -11.286 -12.442 -13.064 -13.394 -13.673 -13.852 -13.956 
8.08081 -6.061 -9.226 -11.097 -12.331 -12.975 -13.344 -13.583 -13.783 -13.946 
8.28283 -6.487 -9.268 -10.952 -12.166 -12.861 -13.212 -13.494 -13.679 -13.846 
8.48485 -5.986 -9.055 -10.883 -12.109 -12.813 -13.123 -13.424 -13.662 -13.768 
8.68687 -5.969 -8.961 -10.898 -12.009 -12.675 -13.054 -13.394 -13.595 -13.718 
8.88889 -5.620 -8.758 -10.693 -11.961 -12.597 -12.979 -13.273 -13.514 -13.698 
9.09091 -5.109 -8.542 -10.548 -11.794 -12.550 -12.879 -13.193 -13.508 -13.711 
9.29293 -5.392 -8.426 -10.417 -11.753 -12.438 -12.858 -13.120 -13.384 -13.540 
9.49495 -4.901 -8.491 -10.405 -11.680 -12.376 -12.771 -13.107 -13.385 -13.495 
9.69697 -4.377 -8.168 -10.232 -11.533 -12.252 -12.680 -12.986 -13.267 -13.399 
9.89899 -4.844 -7.982 -10.150 -11.489 -12.227 -12.559 -12.966 -13.243 -13.364 
10.10101 -4.433 -7.840 -9.929 -11.407 -12.132 -12.538 -12.871 -13.187 -13.294 
10.30303 -4.025 -7.555 -9.847 -11.177 -12.041 -12.494 -12.793 -13.084 -13.256 
10.50505 -4.136 -7.499 -9.767 -11.179 -12.013 -12.406 -12.780 -13.056 -13.306 
10.70707 -3.889 -7.560 -9.606 -11.118 -11.915 -12.421 -12.816 -13.044 -13.243 
10.90909 -4.060 -7.219 -9.455 -11.021 -11.922 -12.332 -12.720 -12.988 -13.131 
11.11111 -3.479 -6.990 -9.403 -10.960 -11.824 -12.316 -12.661 -12.970 -13.085 
11.31313 -3.180 -6.927 -9.457 -10.829 -11.741 -12.243 -12.681 -12.855 -13.125 
11.51515 -2.984 -6.807 -9.251 -10.788 -11.716 -12.146 -12.580 -12.913 -13.047 
11.71717 -2.775 -6.767 -9.208 -10.805 -11.642 -12.183 -12.556 -12.846 -13.056 
11.91919 -2.462 -6.475 -8.958 -10.643 -11.617 -12.101 -12.517 -12.765 -12.955 
12.12121 -2.403 -6.466 -8.938 -10.582 -11.517 -12.022 -12.464 -12.779 -12.909 
12.32323 -2.469 -6.146 -8.710 -10.470 -11.503 -11.933 -12.417 -12.718 -12.933 
12.52525 -2.164 -6.052 -8.769 -10.372 -11.407 -11.967 -12.393 -12.682 -12.898 
12.72727 -1.973 -5.865 -8.545 -10.352 -11.393 -11.837 -12.340 -12.664 -12.863 
12.92929 -1.849 -5.915 -8.573 -10.432 -11.280 -11.819 -12.333 -12.665 -12.785 
13.13131 -1.772 -6.010 -8.424 -10.249 -11.309 -11.777 -12.309 -12.643 -12.882 
13.33333 -1.696 -5.490 -8.388 -10.152 -11.199 -11.729 -12.242 -12.580 -12.811 
13.53535 -1.693 -5.622 -8.520 -10.132 -11.123 -11.690 -12.212 -12.580 -12.793 
13.73737 -1.480 -5.179 -8.097 -10.030 -11.056 -11.624 -12.134 -12.558 -12.762 
13.93939 -1.377 -5.207 -8.250 -9.993 -11.054 -11.633 -12.131 -12.492 -12.667 
14.14141 -1.170 -5.172 -7.963 -9.898 -11.019 -11.544 -12.116 -12.503 -12.668 
14.34343 -1.066 -5.034 -7.927 -9.923 -10.945 -11.553 -12.071 -12.498 -12.673 
14.54545 -0.965 -5.002 -7.814 -9.746 -10.932 -11.487 -12.030 -12.447 -12.619 
14.74747 -0.837 -4.437 -7.691 -9.691 -10.844 -11.404 -12.000 -12.408 -12.645 
14.94949 -0.684 -4.311 -7.588 -9.687 -10.750 -11.322 -11.941 -12.364 -12.602 
15.15152 -0.604 -4.486 -7.580 -9.603 -10.732 -11.265 -11.946 -12.344 -12.539 
15.35354 -0.382 -3.839 -7.539 -9.449 -10.623 -11.298 -11.874 -12.313 -12.507 
15.55556 -0.190 -3.891 -7.387 -9.464 -10.603 -11.268 -11.850 -12.323 -12.529 
15.75758 -0.027 -4.056 -7.261 -9.346 -10.629 -11.213 -11.864 -12.268 -12.505 
15.95960 0.050 -4.256 -7.227 -9.329 -10.434 -11.128 -11.843 -12.226 -12.502 
16.16162 -0.477 -3.829 -7.088 -9.215 -10.414 -11.092 -11.747 -12.218 -12.440 
16.36364 0.393 -3.625 -7.172 -9.272 -10.344 -11.009 -11.727 -12.124 -12.469 
16.56566 0.560 -3.599 -6.934 -9.053 -10.359 -10.975 -11.664 -12.101 -12.436 
16.76768 0.673 -3.590 -6.849 -8.945 -10.209 -10.873 -11.559 -12.111 -12.344 
16.96970 0.792 -3.428 -6.738 -8.880 -10.090 -10.834 -11.507 -12.033 -12.395 
17.17172 0.890 -2.727 -6.348 -8.836 -10.164 -10.748 -11.451 -12.058 -12.303 
17.37374 1.034 -3.348 -6.470 -8.816 -9.982 -10.734 -11.483 -11.970 -12.263 
17.57576 1.224 -2.744 -6.650 -8.746 -10.020 -10.693 -11.444 -11.987 -12.230 
17.77778 1.354 -3.245 -6.443 -8.679 -9.906 -10.554 -11.367 -11.909 -12.235 
17.97980 1.442 -2.814 -6.312 -8.558 -9.818 -10.508 -11.302 -11.903 -12.227 
18.18182 1.600 -2.731 -6.255 -8.534 -9.742 -10.414 -11.257 -11.857 -12.132 
18.38384 1.720 -2.467 -6.200 -8.330 -9.724 -10.462 -11.257 -11.827 -12.107 
18.58586 1.791 -2.255 -6.031 -8.354 -9.636 -10.368 -11.162 -11.779 -12.081 
18.78788 2.068 -1.911 -5.832 -8.136 -9.547 -10.331 -11.074 -11.672 -12.029 
18.98990 2.162 -1.695 -5.788 -8.238 -9.570 -10.337 -11.061 -11.718 -12.035 
19.19192 2.292 -1.997 -5.741 -8.074 -9.496 -10.234 -11.039 -11.619 -11.991 
19.39394 2.390 -2.217 -5.735 -7.960 -9.449 -10.176 -10.975 -11.580 -11.950 
19.59596 2.441 -1.646 -5.609 -7.843 -9.214 -10.031 -10.948 -11.524 -11.855 
19.79798 2.532 -1.494 -5.375 -7.834 -9.236 -9.953 -10.771 -11.390 -11.854 
20.00000 2.775 -1.747 -4.907 -7.588 -9.034 -9.763 -10.726 -11.300 -11.656 
