# t[days] u g r i z y J H K
0.20202 -11.189 -12.234 -11.213 -10.943 -9.575 -12.268 -10.865 -5.584 -4.870 
0.40404 -13.740 -14.081 -14.663 -14.238 -14.417 -14.313 -13.750 -12.643 -12.381 
0.60606 -14.040 -14.886 -15.295 -15.254 -15.250 -15.036 -14.180 -14.100 -13.710 
0.80808 -14.093 -15.128 -15.718 -15.615 -15.666 -15.563 -15.092 -14.748 -14.007 
1.01010 -14.072 -15.229 -15.787 -15.726 -15.582 -15.547 -15.096 -14.763 -14.580 
1.21212 -13.462 -15.093 -15.658 -15.715 -15.520 -15.439 -15.322 -14.809 -14.601 
1.41414 -13.130 -14.778 -15.528 -15.546 -15.498 -15.570 -15.409 -15.014 -14.606 
1.61616 -12.534 -14.471 -15.168 -15.319 -15.483 -15.279 -15.213 -15.152 -14.932 
1.81818 -11.996 -14.116 -14.843 -15.083 -15.218 -15.230 -15.045 -15.120 -14.499 
2.02020 -11.738 -13.510 -14.537 -14.853 -14.862 -14.993 -14.952 -14.864 -14.771 
2.22222 -11.012 -13.223 -14.142 -14.586 -14.737 -14.803 -14.736 -14.803 -14.537 
2.42424 -10.700 -12.813 -13.792 -14.255 -14.497 -14.472 -14.632 -14.717 -14.540 
2.62626 -10.439 -12.410 -13.313 -14.015 -14.466 -14.407 -14.449 -14.623 -14.536 
2.82828 -9.992 -12.141 -13.172 -13.764 -14.175 -14.314 -14.393 -14.443 -14.341 
3.03030 -9.770 -11.816 -13.069 -13.663 -14.038 -14.161 -14.315 -14.320 -14.360 
3.23232 -9.470 -11.579 -12.897 -13.494 -13.928 -14.033 -14.134 -14.221 -14.343 
3.43434 -9.204 -11.301 -12.506 -13.229 -13.733 -13.867 -14.030 -14.181 -14.124 
3.63636 -8.899 -11.023 -12.241 -13.011 -13.552 -13.732 -13.980 -14.086 -14.119 
3.83838 -8.573 -10.685 -12.134 -12.923 -13.455 -13.617 -13.847 -14.100 -14.063 
4.04040 -8.453 -10.594 -11.884 -12.808 -13.269 -13.536 -13.716 -13.878 -14.073 
4.24242 -8.285 -10.337 -11.727 -12.694 -13.265 -13.452 -13.631 -13.862 -13.994 
4.44444 -7.872 -9.911 -11.435 -12.425 -13.100 -13.336 -13.604 -13.798 -14.032 
4.64646 -7.702 -9.779 -11.252 -12.253 -12.921 -13.234 -13.474 -13.714 -13.743 
4.84848 -7.588 -9.751 -11.200 -12.237 -12.840 -13.121 -13.394 -13.609 -13.686 
5.05051 -7.326 -9.469 -10.977 -12.095 -12.694 -13.032 -13.189 -13.575 -13.725 
5.25253 -6.987 -9.099 -10.732 -11.962 -12.649 -12.870 -13.208 -13.508 -13.567 
5.45455 -6.785 -9.035 -10.532 -11.779 -12.521 -12.779 -13.071 -13.376 -13.587 
5.65657 -6.602 -8.878 -10.577 -11.694 -12.415 -12.720 -13.008 -13.294 -13.547 
5.85859 -6.492 -8.765 -10.411 -11.643 -12.244 -12.611 -12.841 -13.210 -13.373 
6.06061 -6.117 -8.537 -10.183 -11.467 -12.254 -12.519 -12.844 -13.117 -13.287 
6.26263 -5.942 -8.282 -10.079 -11.377 -12.089 -12.435 -12.735 -13.015 -13.317 
6.46465 -5.697 -8.034 -9.920 -11.170 -12.095 -12.377 -12.693 -12.953 -13.245 
6.66667 -5.461 -7.868 -9.815 -11.063 -11.940 -12.276 -12.580 -12.931 -13.111 
6.86869 -5.274 -7.768 -9.650 -11.062 -11.836 -12.184 -12.518 -12.817 -13.089 
7.07071 -5.006 -7.663 -9.527 -10.952 -11.720 -12.096 -12.413 -12.749 -12.969 
7.27273 -5.104 -7.282 -9.276 -10.796 -11.653 -11.978 -12.337 -12.757 -12.967 
7.47475 -4.592 -7.428 -9.398 -10.747 -11.554 -11.939 -12.253 -12.601 -12.874 
7.67677 -4.376 -7.224 -9.074 -10.607 -11.500 -11.843 -12.228 -12.542 -12.903 
7.87879 -4.182 -6.933 -9.023 -10.534 -11.473 -11.792 -12.137 -12.493 -12.794 
8.08081 -4.200 -7.067 -9.103 -10.535 -11.393 -11.791 -12.124 -12.534 -12.685 
8.28283 -3.796 -6.726 -8.877 -10.416 -11.372 -11.586 -12.067 -12.404 -12.638 
8.48485 -3.576 -6.246 -8.681 -10.315 -11.149 -11.552 -11.963 -12.359 -12.563 
8.68687 -3.345 -6.294 -8.755 -10.297 -11.143 -11.547 -11.928 -12.300 -12.608 
8.88889 -3.226 -6.184 -8.556 -10.269 -11.237 -11.567 -11.896 -12.378 -12.578 
9.09091 -3.271 -5.954 -8.450 -10.159 -11.140 -11.498 -11.835 -12.237 -12.488 
9.29293 -2.987 -5.957 -8.387 -10.055 -10.984 -11.412 -11.788 -12.135 -12.468 
9.49495 -3.310 -5.978 -8.404 -9.970 -11.045 -11.360 -11.803 -12.104 -12.450 
9.69697 -2.738 -5.841 -8.112 -9.932 -10.961 -11.354 -11.731 -12.099 -12.374 
9.89899 -2.556 -5.990 -8.044 -9.919 -10.883 -11.326 -11.731 -12.040 -12.347 
10.10101 -2.386 -5.189 -7.965 -9.791 -10.775 -11.238 -11.652 -12.052 -12.221 
10.30303 -2.247 -5.366 -7.933 -9.738 -10.759 -11.164 -11.658 -11.955 -12.314 
10.50505 -2.058 -5.113 -7.652 -9.648 -10.695 -11.183 -11.585 -11.961 -12.225 
10.70707 -1.914 -5.183 -7.805 -9.632 -10.668 -11.134 -11.582 -11.950 -12.238 
10.90909 -1.747 -4.618 -7.630 -9.547 -10.556 -11.105 -11.500 -11.868 -12.212 
11.11111 -1.565 -4.714 -7.584 -9.421 -10.500 -11.015 -11.464 -11.869 -12.142 
11.31313 -1.476 -4.682 -7.398 -9.439 -10.486 -10.993 -11.403 -11.794 -12.122 
11.51515 -1.248 -4.465 -7.416 -9.306 -10.392 -10.933 -11.402 -11.796 -12.093 
11.71717 -1.119 -4.398 -7.346 -9.304 -10.436 -10.815 -11.355 -11.751 -12.003 
11.91919 -1.005 -4.137 -7.245 -9.222 -10.291 -10.841 -11.320 -11.751 -11.964 
12.12121 -0.768 -4.007 -7.206 -9.074 -10.247 -10.830 -11.275 -11.717 -11.985 
12.32323 -0.669 -4.180 -7.025 -9.063 -10.202 -10.710 -11.246 -11.697 -11.945 
12.52525 -0.746 -3.480 -6.815 -8.919 -10.177 -10.704 -11.220 -11.614 -11.904 
12.72727 -0.318 -3.671 -6.862 -8.944 -10.098 -10.652 -11.145 -11.591 -11.849 
12.92929 -0.159 -3.844 -6.778 -8.850 -10.131 -10.540 -11.106 -11.573 -11.859 
13.13131 -0.023 -3.652 -6.711 -8.764 -9.909 -10.582 -11.067 -11.484 -11.787 
13.33333 0.175 -3.523 -6.807 -8.734 -9.920 -10.454 -11.075 -11.487 -11.752 
13.53535 0.276 -3.563 -6.613 -8.687 -9.846 -10.316 -10.988 -11.494 -11.714 
13.73737 0.470 -3.072 -6.534 -8.553 -9.759 -10.353 -10.994 -11.408 -11.749 
13.93939 0.716 -2.999 -6.316 -8.565 -9.793 -10.305 -10.899 -11.442 -11.726 
14.14141 0.768 -2.960 -6.247 -8.402 -9.653 -10.225 -10.846 -11.380 -11.733 
14.34343 0.972 -2.523 -6.614 -8.348 -9.523 -10.114 -10.782 -11.329 -11.654 
14.54545 1.256 -2.408 -5.956 -8.290 -9.502 -10.082 -10.752 -11.284 -11.590 
14.74747 1.336 -2.499 -5.934 -8.194 -9.457 -10.024 -10.796 -11.267 -11.558 
14.94949 1.595 -1.901 -5.965 -7.990 -9.330 -9.980 -10.653 -11.203 -11.548 
15.15152 1.654 -2.368 -5.867 -8.060 -9.291 -9.973 -10.625 -11.142 -11.460 
15.35354 1.115 -1.718 -5.781 -7.978 -9.284 -9.965 -10.563 -11.087 -11.432 
15.55556 2.063 -2.142 -5.634 -7.999 -9.248 -9.832 -10.544 -11.103 -11.464 
15.75758 2.189 -1.923 -5.486 -7.882 -9.123 -9.720 -10.461 -11.096 -11.391 
15.95960 2.032 -1.676 -5.550 -7.775 -9.077 -9.712 -10.433 -10.978 -11.396 
16.16162 2.492 -1.141 -5.464 -7.749 -9.007 -9.637 -10.364 -10.921 -11.364 
16.36364 2.690 -1.346 -5.300 -7.594 -9.024 -9.543 -10.297 -10.932 -11.316 
16.56566 2.727 -1.309 -5.245 -7.581 -8.850 -9.507 -10.285 -10.850 -11.265 
16.76768 1.126 -1.161 -5.160 -7.488 -8.780 -9.479 -10.210 -10.853 -11.196 
16.96970 3.196 -0.791 -4.978 -7.424 -8.774 -9.400 -10.116 -10.825 -11.162 
17.17172 3.306 -1.100 -4.713 -7.330 -8.693 -9.331 -10.124 -10.728 -11.133 
17.37374 3.206 -1.314 -4.969 -7.352 -8.553 -9.187 -10.084 -10.774 -11.164 
17.57576 3.559 -0.347 -4.746 -7.190 -8.543 -9.268 -9.990 -10.677 -11.093 
17.77778 3.777 -0.650 -4.800 -7.098 -8.506 -9.145 -9.948 -10.621 -11.050 
17.97980 3.915 -1.580 -4.732 -7.036 -8.371 -9.166 -9.917 -10.683 -11.011 
18.18182 4.114 -0.282 -4.234 -7.049 -8.327 -8.981 -9.882 -10.603 -11.003 
18.38384 4.445 -0.188 -4.581 -6.923 -8.280 -8.952 -9.814 -10.476 -11.004 
18.58586 4.378 -0.210 -4.346 -6.916 -8.122 -8.857 -9.798 -10.537 -10.974 
18.78788 4.491 0.100 -4.333 -6.766 -8.308 -8.846 -9.730 -10.512 -10.888 
18.98990 4.632 -0.236 -4.374 -6.789 -8.134 -8.734 -9.691 -10.425 -10.891 
19.19192 4.751 -0.080 -4.186 -6.817 -8.014 -8.690 -9.663 -10.409 -10.783 
19.39394 4.839 0.487 -3.984 -6.691 -7.920 -8.654 -9.585 -10.398 -10.781 
19.59596 5.008 0.291 -4.084 -6.740 -7.901 -8.636 -9.517 -10.256 -10.755 
19.79798 5.487 0.603 -3.762 -6.274 -7.833 -8.508 -9.368 -10.196 -10.577 
20.00000 5.466 0.780 -3.457 -6.047 -7.570 -8.309 -9.280 -9.993 -10.467 
